Gemeente,NIS-code,Centrumstad?,Indicator,Item,Jaar,Weinig (%),Neutraal (%),Veel (%)
 Aalst ,41002,ja,Vertrouwen in overheden,Vertrouwen in Europese overheid,2020,0.48,0.36,0.15
 Aalst ,41002,ja,Vertrouwen in overheden,Vertrouwen in federale overheid,2008,0.49,0.39,0.11
 Aalst ,41002,ja,Vertrouwen in overheden,Vertrouwen in federale overheid,2011,0.55,0.36,0.09
 Aalst ,41002,ja,Vertrouwen in overheden,Vertrouwen in federale overheid,2014,0.38,0.48,0.14
 Aalst ,41002,ja,Vertrouwen in overheden,Vertrouwen in federale overheid,2017,0.42,0.43,0.15
 Aalst ,41002,ja,Vertrouwen in overheden,Vertrouwen in federale overheid,2020,0.57,0.31,0.12
 Aalst ,41002,ja,Vertrouwen in overheden,Vertrouwen in gemeente-/stadsbestuur,2008,0.32,0.48,0.21
 Aalst ,41002,ja,Vertrouwen in overheden,Vertrouwen in gemeente-/stadsbestuur,2011,0.34,0.5,0.16
 Aalst ,41002,ja,Vertrouwen in overheden,Vertrouwen in gemeente-/stadsbestuur,2014,0.21,0.53,0.26
 Aalst ,41002,ja,Vertrouwen in overheden,Vertrouwen in gemeente-/stadsbestuur,2017,0.18,0.51,0.31
 Aalst ,41002,ja,Vertrouwen in overheden,Vertrouwen in gemeente-/stadsbestuur,2020,0.23,0.49,0.28
 Aalst ,41002,ja,Vertrouwen in overheden,Vertrouwen in Vlaamse overheid,2008,0.31,0.44,0.25
 Aalst ,41002,ja,Vertrouwen in overheden,Vertrouwen in Vlaamse overheid,2011,0.36,0.43,0.21
 Aalst ,41002,ja,Vertrouwen in overheden,Vertrouwen in Vlaamse overheid,2014,0.28,0.5,0.22
 Aalst ,41002,ja,Vertrouwen in overheden,Vertrouwen in Vlaamse overheid,2017,0.35,0.46,0.19
 Aalst ,41002,ja,Vertrouwen in overheden,Vertrouwen in Vlaamse overheid,2020,0.43,0.39,0.18
 Aalter ,44001,nee,Vertrouwen in overheden,Vertrouwen in Europese overheid,2017,0.34,0.46,0.2
 Aalter ,44084,nee,Vertrouwen in overheden,Vertrouwen in Europese overheid,2020,0.5,0.36,0.14
 Aalter ,44001,nee,Vertrouwen in overheden,Vertrouwen in federale overheid,2017,0.34,0.48,0.18
 Aalter ,44084,nee,Vertrouwen in overheden,Vertrouwen in federale overheid,2020,0.6,0.31,0.09
 Aalter ,44001,nee,Vertrouwen in overheden,Vertrouwen in gemeente-/stadsbestuur,2017,0.12,0.41,0.47
 Aalter ,44084,nee,Vertrouwen in overheden,Vertrouwen in gemeente-/stadsbestuur,2020,0.24,0.4,0.36
 Aalter ,44001,nee,Vertrouwen in overheden,Vertrouwen in Vlaamse overheid,2017,0.26,0.49,0.25
 Aalter ,44084,nee,Vertrouwen in overheden,Vertrouwen in Vlaamse overheid,2020,0.44,0.4,0.16
 Aarschot ,24001,nee,Vertrouwen in overheden,Vertrouwen in Europese overheid,2017,0.39,0.44,0.17
 Aarschot ,24001,nee,Vertrouwen in overheden,Vertrouwen in Europese overheid,2020,0.45,0.43,0.11
 Aarschot ,24001,nee,Vertrouwen in overheden,Vertrouwen in federale overheid,2017,0.4,0.46,0.14
 Aarschot ,24001,nee,Vertrouwen in overheden,Vertrouwen in federale overheid,2020,0.55,0.37,0.08
 Aarschot ,24001,nee,Vertrouwen in overheden,Vertrouwen in gemeente-/stadsbestuur,2017,0.25,0.49,0.26
 Aarschot ,24001,nee,Vertrouwen in overheden,Vertrouwen in gemeente-/stadsbestuur,2020,0.32,0.49,0.19
 Aarschot ,24001,nee,Vertrouwen in overheden,Vertrouwen in Vlaamse overheid,2017,0.32,0.48,0.2
 Aarschot ,24001,nee,Vertrouwen in overheden,Vertrouwen in Vlaamse overheid,2020,0.47,0.4,0.13
 Aartselaar ,11001,nee,Vertrouwen in overheden,Vertrouwen in Europese overheid,2017,0.39,0.43,0.18
 Aartselaar ,11001,nee,Vertrouwen in overheden,Vertrouwen in Europese overheid,2020,0.49,0.37,0.14
 Aartselaar ,11001,nee,Vertrouwen in overheden,Vertrouwen in federale overheid,2017,0.34,0.47,0.19
 Aartselaar ,11001,nee,Vertrouwen in overheden,Vertrouwen in federale overheid,2020,0.62,0.31,0.07
 Aartselaar ,11001,nee,Vertrouwen in overheden,Vertrouwen in gemeente-/stadsbestuur,2017,0.17,0.4,0.43
 Aartselaar ,11001,nee,Vertrouwen in overheden,Vertrouwen in gemeente-/stadsbestuur,2020,0.16,0.47,0.37
 Aartselaar ,11001,nee,Vertrouwen in overheden,Vertrouwen in Vlaamse overheid,2017,0.28,0.46,0.26
 Aartselaar ,11001,nee,Vertrouwen in overheden,Vertrouwen in Vlaamse overheid,2020,0.41,0.43,0.16
 Affligem ,23105,nee,Vertrouwen in overheden,Vertrouwen in Europese overheid,2017,0.43,0.42,0.15
 Affligem ,23105,nee,Vertrouwen in overheden,Vertrouwen in Europese overheid,2020,0.47,0.4,0.13
 Affligem ,23105,nee,Vertrouwen in overheden,Vertrouwen in federale overheid,2017,0.43,0.42,0.15
 Affligem ,23105,nee,Vertrouwen in overheden,Vertrouwen in federale overheid,2020,0.62,0.31,0.08
 Affligem ,23105,nee,Vertrouwen in overheden,Vertrouwen in gemeente-/stadsbestuur,2017,0.17,0.4,0.43
 Affligem ,23105,nee,Vertrouwen in overheden,Vertrouwen in gemeente-/stadsbestuur,2020,0.16,0.48,0.36
 Affligem ,23105,nee,Vertrouwen in overheden,Vertrouwen in Vlaamse overheid,2017,0.36,0.4,0.24
 Affligem ,23105,nee,Vertrouwen in overheden,Vertrouwen in Vlaamse overheid,2020,0.42,0.41,0.17
 Alken ,73001,nee,Vertrouwen in overheden,Vertrouwen in Europese overheid,2017,0.4,0.45,0.15
 Alken ,73001,nee,Vertrouwen in overheden,Vertrouwen in Europese overheid,2020,0.48,0.43,0.1
 Alken ,73001,nee,Vertrouwen in overheden,Vertrouwen in federale overheid,2017,0.42,0.46,0.12
 Alken ,73001,nee,Vertrouwen in overheden,Vertrouwen in federale overheid,2020,0.53,0.39,0.08
 Alken ,73001,nee,Vertrouwen in overheden,Vertrouwen in gemeente-/stadsbestuur,2017,0.17,0.48,0.35
 Alken ,73001,nee,Vertrouwen in overheden,Vertrouwen in gemeente-/stadsbestuur,2020,0.11,0.44,0.45
 Alken ,73001,nee,Vertrouwen in overheden,Vertrouwen in Vlaamse overheid,2017,0.37,0.46,0.17
 Alken ,73001,nee,Vertrouwen in overheden,Vertrouwen in Vlaamse overheid,2020,0.44,0.41,0.15
 Alveringem ,38002,nee,Vertrouwen in overheden,Vertrouwen in Europese overheid,2017,0.47,0.4,0.12
 Alveringem ,38002,nee,Vertrouwen in overheden,Vertrouwen in Europese overheid,2020,0.6,0.29,0.11
 Alveringem ,38002,nee,Vertrouwen in overheden,Vertrouwen in federale overheid,2017,0.46,0.43,0.11
 Alveringem ,38002,nee,Vertrouwen in overheden,Vertrouwen in federale overheid,2020,0.65,0.27,0.08
 Alveringem ,38002,nee,Vertrouwen in overheden,Vertrouwen in gemeente-/stadsbestuur,2017,0.17,0.41,0.42
 Alveringem ,38002,nee,Vertrouwen in overheden,Vertrouwen in gemeente-/stadsbestuur,2020,0.25,0.42,0.33
 Alveringem ,38002,nee,Vertrouwen in overheden,Vertrouwen in Vlaamse overheid,2017,0.38,0.45,0.17
 Alveringem ,38002,nee,Vertrouwen in overheden,Vertrouwen in Vlaamse overheid,2020,0.5,0.39,0.11
 Antwerpen ,11002,ja,Vertrouwen in overheden,Vertrouwen in Europese overheid,2020,0.38,0.37,0.25
 Antwerpen ,11002,ja,Vertrouwen in overheden,Vertrouwen in federale overheid,2008,0.48,0.38,0.14
 Antwerpen ,11002,ja,Vertrouwen in overheden,Vertrouwen in federale overheid,2011,0.52,0.35,0.12
 Antwerpen ,11002,ja,Vertrouwen in overheden,Vertrouwen in federale overheid,2014,0.36,0.41,0.23
 Antwerpen ,11002,ja,Vertrouwen in overheden,Vertrouwen in federale overheid,2017,0.37,0.42,0.21
 Antwerpen ,11002,ja,Vertrouwen in overheden,Vertrouwen in federale overheid,2020,0.49,0.31,0.2
 Antwerpen ,11002,ja,Vertrouwen in overheden,Vertrouwen in gemeente-/stadsbestuur,2008,0.28,0.45,0.28
 Antwerpen ,11002,ja,Vertrouwen in overheden,Vertrouwen in gemeente-/stadsbestuur,2011,0.28,0.48,0.24
 Antwerpen ,11002,ja,Vertrouwen in overheden,Vertrouwen in gemeente-/stadsbestuur,2014,0.29,0.43,0.28
 Antwerpen ,11002,ja,Vertrouwen in overheden,Vertrouwen in gemeente-/stadsbestuur,2017,0.23,0.44,0.33
 Antwerpen ,11002,ja,Vertrouwen in overheden,Vertrouwen in gemeente-/stadsbestuur,2020,0.27,0.42,0.31
 Antwerpen ,11002,ja,Vertrouwen in overheden,Vertrouwen in Vlaamse overheid,2008,0.31,0.44,0.25
 Antwerpen ,11002,ja,Vertrouwen in overheden,Vertrouwen in Vlaamse overheid,2011,0.37,0.42,0.21
 Antwerpen ,11002,ja,Vertrouwen in overheden,Vertrouwen in Vlaamse overheid,2014,0.28,0.45,0.28
 Antwerpen ,11002,ja,Vertrouwen in overheden,Vertrouwen in Vlaamse overheid,2017,0.32,0.43,0.25
 Antwerpen ,11002,ja,Vertrouwen in overheden,Vertrouwen in Vlaamse overheid,2020,0.4,0.37,0.22
 Anzegem ,34002,nee,Vertrouwen in overheden,Vertrouwen in Europese overheid,2017,0.41,0.41,0.18
 Anzegem ,34002,nee,Vertrouwen in overheden,Vertrouwen in Europese overheid,2020,0.5,0.39,0.11
 Anzegem ,34002,nee,Vertrouwen in overheden,Vertrouwen in federale overheid,2017,0.39,0.44,0.17
 Anzegem ,34002,nee,Vertrouwen in overheden,Vertrouwen in federale overheid,2020,0.61,0.33,0.06
 Anzegem ,34002,nee,Vertrouwen in overheden,Vertrouwen in gemeente-/stadsbestuur,2017,0.09,0.43,0.47
 Anzegem ,34002,nee,Vertrouwen in overheden,Vertrouwen in gemeente-/stadsbestuur,2020,0.18,0.52,0.3
 Anzegem ,34002,nee,Vertrouwen in overheden,Vertrouwen in Vlaamse overheid,2017,0.34,0.39,0.27
 Anzegem ,34002,nee,Vertrouwen in overheden,Vertrouwen in Vlaamse overheid,2020,0.47,0.42,0.12
 Ardooie ,37020,nee,Vertrouwen in overheden,Vertrouwen in Europese overheid,2017,0.45,0.43,0.12
 Ardooie ,37020,nee,Vertrouwen in overheden,Vertrouwen in Europese overheid,2020,0.56,0.33,0.11
 Ardooie ,37020,nee,Vertrouwen in overheden,Vertrouwen in federale overheid,2017,0.43,0.46,0.11
 Ardooie ,37020,nee,Vertrouwen in overheden,Vertrouwen in federale overheid,2020,0.58,0.34,0.08
 Ardooie ,37020,nee,Vertrouwen in overheden,Vertrouwen in gemeente-/stadsbestuur,2017,0.12,0.34,0.54
 Ardooie ,37020,nee,Vertrouwen in overheden,Vertrouwen in gemeente-/stadsbestuur,2020,0.11,0.42,0.46
 Ardooie ,37020,nee,Vertrouwen in overheden,Vertrouwen in Vlaamse overheid,2017,0.38,0.47,0.15
 Ardooie ,37020,nee,Vertrouwen in overheden,Vertrouwen in Vlaamse overheid,2020,0.42,0.42,0.15
 Arendonk ,13001,nee,Vertrouwen in overheden,Vertrouwen in Europese overheid,2017,0.38,0.48,0.14
 Arendonk ,13001,nee,Vertrouwen in overheden,Vertrouwen in Europese overheid,2020,0.53,0.32,0.15
 Arendonk ,13001,nee,Vertrouwen in overheden,Vertrouwen in federale overheid,2017,0.38,0.46,0.15
 Arendonk ,13001,nee,Vertrouwen in overheden,Vertrouwen in federale overheid,2020,0.62,0.29,0.1
 Arendonk ,13001,nee,Vertrouwen in overheden,Vertrouwen in gemeente-/stadsbestuur,2017,0.11,0.46,0.42
 Arendonk ,13001,nee,Vertrouwen in overheden,Vertrouwen in gemeente-/stadsbestuur,2020,0.18,0.49,0.34
 Arendonk ,13001,nee,Vertrouwen in overheden,Vertrouwen in Vlaamse overheid,2017,0.32,0.49,0.18
 Arendonk ,13001,nee,Vertrouwen in overheden,Vertrouwen in Vlaamse overheid,2020,0.52,0.35,0.13
 As ,71002,nee,Vertrouwen in overheden,Vertrouwen in Europese overheid,2017,0.37,0.48,0.15
 As ,71002,nee,Vertrouwen in overheden,Vertrouwen in Europese overheid,2020,0.51,0.4,0.09
 As ,71002,nee,Vertrouwen in overheden,Vertrouwen in federale overheid,2017,0.37,0.47,0.17
 As ,71002,nee,Vertrouwen in overheden,Vertrouwen in federale overheid,2020,0.6,0.33,0.07
 As ,71002,nee,Vertrouwen in overheden,Vertrouwen in gemeente-/stadsbestuur,2017,0.12,0.33,0.55
 As ,71002,nee,Vertrouwen in overheden,Vertrouwen in gemeente-/stadsbestuur,2020,0.11,0.42,0.47
 As ,71002,nee,Vertrouwen in overheden,Vertrouwen in Vlaamse overheid,2017,0.32,0.45,0.23
 As ,71002,nee,Vertrouwen in overheden,Vertrouwen in Vlaamse overheid,2020,0.47,0.41,0.11
 Asse ,23002,nee,Vertrouwen in overheden,Vertrouwen in Europese overheid,2017,0.41,0.39,0.2
 Asse ,23002,nee,Vertrouwen in overheden,Vertrouwen in Europese overheid,2020,0.4,0.42,0.18
 Asse ,23002,nee,Vertrouwen in overheden,Vertrouwen in federale overheid,2017,0.39,0.4,0.21
 Asse ,23002,nee,Vertrouwen in overheden,Vertrouwen in federale overheid,2020,0.49,0.36,0.15
 Asse ,23002,nee,Vertrouwen in overheden,Vertrouwen in gemeente-/stadsbestuur,2017,0.29,0.44,0.27
 Asse ,23002,nee,Vertrouwen in overheden,Vertrouwen in gemeente-/stadsbestuur,2020,0.23,0.51,0.26
 Asse ,23002,nee,Vertrouwen in overheden,Vertrouwen in Vlaamse overheid,2017,0.33,0.41,0.26
 Asse ,23002,nee,Vertrouwen in overheden,Vertrouwen in Vlaamse overheid,2020,0.34,0.46,0.2
 Assenede ,43002,nee,Vertrouwen in overheden,Vertrouwen in Europese overheid,2017,0.43,0.42,0.16
 Assenede ,43002,nee,Vertrouwen in overheden,Vertrouwen in Europese overheid,2020,0.54,0.33,0.13
 Assenede ,43002,nee,Vertrouwen in overheden,Vertrouwen in federale overheid,2017,0.42,0.44,0.14
 Assenede ,43002,nee,Vertrouwen in overheden,Vertrouwen in federale overheid,2020,0.65,0.24,0.1
 Assenede ,43002,nee,Vertrouwen in overheden,Vertrouwen in gemeente-/stadsbestuur,2017,0.24,0.47,0.29
 Assenede ,43002,nee,Vertrouwen in overheden,Vertrouwen in gemeente-/stadsbestuur,2020,0.27,0.47,0.25
 Assenede ,43002,nee,Vertrouwen in overheden,Vertrouwen in Vlaamse overheid,2017,0.37,0.43,0.2
 Assenede ,43002,nee,Vertrouwen in overheden,Vertrouwen in Vlaamse overheid,2020,0.51,0.37,0.12
 Avelgem ,34003,nee,Vertrouwen in overheden,Vertrouwen in Europese overheid,2017,0.41,0.45,0.14
 Avelgem ,34003,nee,Vertrouwen in overheden,Vertrouwen in Europese overheid,2020,0.53,0.37,0.1
 Avelgem ,34003,nee,Vertrouwen in overheden,Vertrouwen in federale overheid,2017,0.43,0.44,0.13
 Avelgem ,34003,nee,Vertrouwen in overheden,Vertrouwen in federale overheid,2020,0.61,0.32,0.07
 Avelgem ,34003,nee,Vertrouwen in overheden,Vertrouwen in gemeente-/stadsbestuur,2017,0.25,0.49,0.26
 Avelgem ,34003,nee,Vertrouwen in overheden,Vertrouwen in gemeente-/stadsbestuur,2020,0.18,0.41,0.41
 Avelgem ,34003,nee,Vertrouwen in overheden,Vertrouwen in Vlaamse overheid,2017,0.42,0.41,0.17
 Avelgem ,34003,nee,Vertrouwen in overheden,Vertrouwen in Vlaamse overheid,2020,0.51,0.37,0.12
 Baarle-Hertog ,13002,nee,Vertrouwen in overheden,Vertrouwen in Europese overheid,2017,0.41,0.44,0.15
 Baarle-Hertog ,13002,nee,Vertrouwen in overheden,Vertrouwen in Europese overheid,2020,0.38,0.46,0.15
 Baarle-Hertog ,13002,nee,Vertrouwen in overheden,Vertrouwen in federale overheid,2017,0.37,0.47,0.16
 Baarle-Hertog ,13002,nee,Vertrouwen in overheden,Vertrouwen in federale overheid,2020,0.46,0.45,0.08
 Baarle-Hertog ,13002,nee,Vertrouwen in overheden,Vertrouwen in gemeente-/stadsbestuur,2017,0.17,0.49,0.34
 Baarle-Hertog ,13002,nee,Vertrouwen in overheden,Vertrouwen in gemeente-/stadsbestuur,2020,0.21,0.53,0.26
 Baarle-Hertog ,13002,nee,Vertrouwen in overheden,Vertrouwen in Vlaamse overheid,2017,0.29,0.52,0.19
 Baarle-Hertog ,13002,nee,Vertrouwen in overheden,Vertrouwen in Vlaamse overheid,2020,0.37,0.47,0.16
 Balen ,13003,nee,Vertrouwen in overheden,Vertrouwen in Europese overheid,2017,0.43,0.45,0.12
 Balen ,13003,nee,Vertrouwen in overheden,Vertrouwen in Europese overheid,2020,0.54,0.35,0.11
 Balen ,13003,nee,Vertrouwen in overheden,Vertrouwen in federale overheid,2017,0.42,0.46,0.11
 Balen ,13003,nee,Vertrouwen in overheden,Vertrouwen in federale overheid,2020,0.68,0.25,0.07
 Balen ,13003,nee,Vertrouwen in overheden,Vertrouwen in gemeente-/stadsbestuur,2017,0.17,0.48,0.35
 Balen ,13003,nee,Vertrouwen in overheden,Vertrouwen in gemeente-/stadsbestuur,2020,0.16,0.52,0.32
 Balen ,13003,nee,Vertrouwen in overheden,Vertrouwen in Vlaamse overheid,2017,0.37,0.46,0.16
 Balen ,13003,nee,Vertrouwen in overheden,Vertrouwen in Vlaamse overheid,2020,0.56,0.3,0.13
 Beernem ,31003,nee,Vertrouwen in overheden,Vertrouwen in Europese overheid,2017,0.36,0.51,0.13
 Beernem ,31003,nee,Vertrouwen in overheden,Vertrouwen in Europese overheid,2020,0.53,0.39,0.09
 Beernem ,31003,nee,Vertrouwen in overheden,Vertrouwen in federale overheid,2017,0.35,0.5,0.14
 Beernem ,31003,nee,Vertrouwen in overheden,Vertrouwen in federale overheid,2020,0.61,0.32,0.06
 Beernem ,31003,nee,Vertrouwen in overheden,Vertrouwen in gemeente-/stadsbestuur,2017,0.14,0.47,0.4
 Beernem ,31003,nee,Vertrouwen in overheden,Vertrouwen in gemeente-/stadsbestuur,2020,0.16,0.43,0.42
 Beernem ,31003,nee,Vertrouwen in overheden,Vertrouwen in Vlaamse overheid,2017,0.29,0.54,0.17
 Beernem ,31003,nee,Vertrouwen in overheden,Vertrouwen in Vlaamse overheid,2020,0.48,0.38,0.13
 Beerse ,13004,nee,Vertrouwen in overheden,Vertrouwen in Europese overheid,2017,0.39,0.45,0.16
 Beerse ,13004,nee,Vertrouwen in overheden,Vertrouwen in Europese overheid,2020,0.52,0.36,0.12
 Beerse ,13004,nee,Vertrouwen in overheden,Vertrouwen in federale overheid,2017,0.41,0.44,0.15
 Beerse ,13004,nee,Vertrouwen in overheden,Vertrouwen in federale overheid,2020,0.62,0.29,0.09
 Beerse ,13004,nee,Vertrouwen in overheden,Vertrouwen in gemeente-/stadsbestuur,2017,0.33,0.47,0.2
 Beerse ,13004,nee,Vertrouwen in overheden,Vertrouwen in gemeente-/stadsbestuur,2020,0.24,0.53,0.23
 Beerse ,13004,nee,Vertrouwen in overheden,Vertrouwen in Vlaamse overheid,2017,0.33,0.48,0.19
 Beerse ,13004,nee,Vertrouwen in overheden,Vertrouwen in Vlaamse overheid,2020,0.47,0.37,0.16
 Beersel ,23003,nee,Vertrouwen in overheden,Vertrouwen in Europese overheid,2017,0.37,0.41,0.22
 Beersel ,23003,nee,Vertrouwen in overheden,Vertrouwen in Europese overheid,2020,0.4,0.43,0.17
 Beersel ,23003,nee,Vertrouwen in overheden,Vertrouwen in federale overheid,2017,0.34,0.47,0.19
 Beersel ,23003,nee,Vertrouwen in overheden,Vertrouwen in federale overheid,2020,0.53,0.35,0.12
 Beersel ,23003,nee,Vertrouwen in overheden,Vertrouwen in gemeente-/stadsbestuur,2017,0.17,0.5,0.33
 Beersel ,23003,nee,Vertrouwen in overheden,Vertrouwen in gemeente-/stadsbestuur,2020,0.21,0.49,0.3
 Beersel ,23003,nee,Vertrouwen in overheden,Vertrouwen in Vlaamse overheid,2017,0.28,0.46,0.26
 Beersel ,23003,nee,Vertrouwen in overheden,Vertrouwen in Vlaamse overheid,2020,0.35,0.44,0.21
 Begijnendijk ,24007,nee,Vertrouwen in overheden,Vertrouwen in Europese overheid,2017,0.42,0.47,0.11
 Begijnendijk ,24007,nee,Vertrouwen in overheden,Vertrouwen in Europese overheid,2020,0.52,0.36,0.12
 Begijnendijk ,24007,nee,Vertrouwen in overheden,Vertrouwen in federale overheid,2017,0.42,0.45,0.12
 Begijnendijk ,24007,nee,Vertrouwen in overheden,Vertrouwen in federale overheid,2020,0.61,0.31,0.07
 Begijnendijk ,24007,nee,Vertrouwen in overheden,Vertrouwen in gemeente-/stadsbestuur,2017,0.3,0.43,0.27
 Begijnendijk ,24007,nee,Vertrouwen in overheden,Vertrouwen in gemeente-/stadsbestuur,2020,0.17,0.56,0.27
 Begijnendijk ,24007,nee,Vertrouwen in overheden,Vertrouwen in Vlaamse overheid,2017,0.37,0.44,0.19
 Begijnendijk ,24007,nee,Vertrouwen in overheden,Vertrouwen in Vlaamse overheid,2020,0.47,0.42,0.11
 Bekkevoort ,24008,nee,Vertrouwen in overheden,Vertrouwen in Europese overheid,2017,0.41,0.44,0.15
 Bekkevoort ,24008,nee,Vertrouwen in overheden,Vertrouwen in Europese overheid,2020,0.56,0.35,0.1
 Bekkevoort ,24008,nee,Vertrouwen in overheden,Vertrouwen in federale overheid,2017,0.41,0.44,0.15
 Bekkevoort ,24008,nee,Vertrouwen in overheden,Vertrouwen in federale overheid,2020,0.64,0.32,0.05
 Bekkevoort ,24008,nee,Vertrouwen in overheden,Vertrouwen in gemeente-/stadsbestuur,2017,0.13,0.46,0.41
 Bekkevoort ,24008,nee,Vertrouwen in overheden,Vertrouwen in gemeente-/stadsbestuur,2020,0.19,0.49,0.32
 Bekkevoort ,24008,nee,Vertrouwen in overheden,Vertrouwen in Vlaamse overheid,2017,0.36,0.48,0.16
 Bekkevoort ,24008,nee,Vertrouwen in overheden,Vertrouwen in Vlaamse overheid,2020,0.54,0.37,0.09
 Beringen ,71004,nee,Vertrouwen in overheden,Vertrouwen in Europese overheid,2017,0.4,0.42,0.18
 Beringen ,71004,nee,Vertrouwen in overheden,Vertrouwen in Europese overheid,2020,0.53,0.34,0.12
 Beringen ,71004,nee,Vertrouwen in overheden,Vertrouwen in federale overheid,2017,0.38,0.44,0.17
 Beringen ,71004,nee,Vertrouwen in overheden,Vertrouwen in federale overheid,2020,0.56,0.32,0.12
 Beringen ,71004,nee,Vertrouwen in overheden,Vertrouwen in gemeente-/stadsbestuur,2017,0.27,0.46,0.27
 Beringen ,71004,nee,Vertrouwen in overheden,Vertrouwen in gemeente-/stadsbestuur,2020,0.19,0.49,0.33
 Beringen ,71004,nee,Vertrouwen in overheden,Vertrouwen in Vlaamse overheid,2017,0.31,0.46,0.23
 Beringen ,71004,nee,Vertrouwen in overheden,Vertrouwen in Vlaamse overheid,2020,0.45,0.36,0.18
 Berlaar ,12002,nee,Vertrouwen in overheden,Vertrouwen in Europese overheid,2017,0.4,0.46,0.14
 Berlaar ,12002,nee,Vertrouwen in overheden,Vertrouwen in Europese overheid,2020,0.49,0.38,0.12
 Berlaar ,12002,nee,Vertrouwen in overheden,Vertrouwen in federale overheid,2017,0.42,0.45,0.13
 Berlaar ,12002,nee,Vertrouwen in overheden,Vertrouwen in federale overheid,2020,0.62,0.33,0.05
 Berlaar ,12002,nee,Vertrouwen in overheden,Vertrouwen in gemeente-/stadsbestuur,2017,0.16,0.46,0.38
 Berlaar ,12002,nee,Vertrouwen in overheden,Vertrouwen in gemeente-/stadsbestuur,2020,0.21,0.45,0.33
 Berlaar ,12002,nee,Vertrouwen in overheden,Vertrouwen in Vlaamse overheid,2017,0.36,0.46,0.19
 Berlaar ,12002,nee,Vertrouwen in overheden,Vertrouwen in Vlaamse overheid,2020,0.47,0.41,0.12
 Berlare ,42003,nee,Vertrouwen in overheden,Vertrouwen in Europese overheid,2017,0.43,0.44,0.13
 Berlare ,42003,nee,Vertrouwen in overheden,Vertrouwen in Europese overheid,2020,0.48,0.4,0.12
 Berlare ,42003,nee,Vertrouwen in overheden,Vertrouwen in federale overheid,2017,0.43,0.46,0.12
 Berlare ,42003,nee,Vertrouwen in overheden,Vertrouwen in federale overheid,2020,0.59,0.32,0.09
 Berlare ,42003,nee,Vertrouwen in overheden,Vertrouwen in gemeente-/stadsbestuur,2017,0.17,0.47,0.36
 Berlare ,42003,nee,Vertrouwen in overheden,Vertrouwen in gemeente-/stadsbestuur,2020,0.2,0.49,0.31
 Berlare ,42003,nee,Vertrouwen in overheden,Vertrouwen in Vlaamse overheid,2017,0.37,0.49,0.14
 Berlare ,42003,nee,Vertrouwen in overheden,Vertrouwen in Vlaamse overheid,2020,0.44,0.43,0.13
 Bertem ,24009,nee,Vertrouwen in overheden,Vertrouwen in Europese overheid,2017,0.33,0.46,0.21
 Bertem ,24009,nee,Vertrouwen in overheden,Vertrouwen in Europese overheid,2020,0.45,0.37,0.18
 Bertem ,24009,nee,Vertrouwen in overheden,Vertrouwen in federale overheid,2017,0.3,0.5,0.2
 Bertem ,24009,nee,Vertrouwen in overheden,Vertrouwen in federale overheid,2020,0.56,0.35,0.09
 Bertem ,24009,nee,Vertrouwen in overheden,Vertrouwen in gemeente-/stadsbestuur,2017,0.16,0.48,0.36
 Bertem ,24009,nee,Vertrouwen in overheden,Vertrouwen in gemeente-/stadsbestuur,2020,0.18,0.51,0.31
 Bertem ,24009,nee,Vertrouwen in overheden,Vertrouwen in Vlaamse overheid,2017,0.26,0.49,0.24
 Bertem ,24009,nee,Vertrouwen in overheden,Vertrouwen in Vlaamse overheid,2020,0.45,0.43,0.13
 Bever ,23009,nee,Vertrouwen in overheden,Vertrouwen in Europese overheid,2017,0.41,0.42,0.18
 Bever ,23009,nee,Vertrouwen in overheden,Vertrouwen in Europese overheid,2020,0.51,0.28,0.21
 Bever ,23009,nee,Vertrouwen in overheden,Vertrouwen in federale overheid,2017,0.43,0.42,0.15
 Bever ,23009,nee,Vertrouwen in overheden,Vertrouwen in federale overheid,2020,0.6,0.26,0.14
 Bever ,23009,nee,Vertrouwen in overheden,Vertrouwen in gemeente-/stadsbestuur,2017,0.32,0.42,0.26
 Bever ,23009,nee,Vertrouwen in overheden,Vertrouwen in gemeente-/stadsbestuur,2020,0.23,0.33,0.44
 Bever ,23009,nee,Vertrouwen in overheden,Vertrouwen in Vlaamse overheid,2017,0.4,0.42,0.18
 Bever ,23009,nee,Vertrouwen in overheden,Vertrouwen in Vlaamse overheid,2020,0.47,0.34,0.19
 Beveren ,46003,nee,Vertrouwen in overheden,Vertrouwen in Europese overheid,2017,0.47,0.38,0.15
 Beveren ,46003,nee,Vertrouwen in overheden,Vertrouwen in Europese overheid,2020,0.52,0.35,0.13
 Beveren ,46003,nee,Vertrouwen in overheden,Vertrouwen in federale overheid,2017,0.43,0.43,0.14
 Beveren ,46003,nee,Vertrouwen in overheden,Vertrouwen in federale overheid,2020,0.63,0.29,0.08
 Beveren ,46003,nee,Vertrouwen in overheden,Vertrouwen in gemeente-/stadsbestuur,2017,0.19,0.44,0.37
 Beveren ,46003,nee,Vertrouwen in overheden,Vertrouwen in gemeente-/stadsbestuur,2020,0.19,0.5,0.31
 Beveren ,46003,nee,Vertrouwen in overheden,Vertrouwen in Vlaamse overheid,2017,0.34,0.48,0.18
 Beveren ,46003,nee,Vertrouwen in overheden,Vertrouwen in Vlaamse overheid,2020,0.47,0.36,0.16
 Bierbeek ,24011,nee,Vertrouwen in overheden,Vertrouwen in Europese overheid,2017,0.31,0.44,0.24
 Bierbeek ,24011,nee,Vertrouwen in overheden,Vertrouwen in Europese overheid,2020,0.36,0.44,0.2
 Bierbeek ,24011,nee,Vertrouwen in overheden,Vertrouwen in federale overheid,2017,0.31,0.5,0.2
 Bierbeek ,24011,nee,Vertrouwen in overheden,Vertrouwen in federale overheid,2020,0.49,0.41,0.1
 Bierbeek ,24011,nee,Vertrouwen in overheden,Vertrouwen in gemeente-/stadsbestuur,2017,0.1,0.41,0.49
 Bierbeek ,24011,nee,Vertrouwen in overheden,Vertrouwen in gemeente-/stadsbestuur,2020,0.12,0.38,0.5
 Bierbeek ,24011,nee,Vertrouwen in overheden,Vertrouwen in Vlaamse overheid,2017,0.25,0.45,0.3
 Bierbeek ,24011,nee,Vertrouwen in overheden,Vertrouwen in Vlaamse overheid,2020,0.34,0.48,0.18
 Bilzen ,73006,nee,Vertrouwen in overheden,Vertrouwen in Europese overheid,2017,0.41,0.47,0.11
 Bilzen ,73006,nee,Vertrouwen in overheden,Vertrouwen in Europese overheid,2020,0.56,0.33,0.11
 Bilzen ,73006,nee,Vertrouwen in overheden,Vertrouwen in federale overheid,2017,0.35,0.51,0.14
 Bilzen ,73006,nee,Vertrouwen in overheden,Vertrouwen in federale overheid,2020,0.66,0.26,0.09
 Bilzen ,73006,nee,Vertrouwen in overheden,Vertrouwen in gemeente-/stadsbestuur,2017,0.19,0.47,0.34
 Bilzen ,73006,nee,Vertrouwen in overheden,Vertrouwen in gemeente-/stadsbestuur,2020,0.26,0.47,0.27
 Bilzen ,73006,nee,Vertrouwen in overheden,Vertrouwen in Vlaamse overheid,2017,0.33,0.48,0.18
 Bilzen ,73006,nee,Vertrouwen in overheden,Vertrouwen in Vlaamse overheid,2020,0.55,0.33,0.12
 Blankenberge ,31004,nee,Vertrouwen in overheden,Vertrouwen in Europese overheid,2017,0.48,0.37,0.15
 Blankenberge ,31004,nee,Vertrouwen in overheden,Vertrouwen in Europese overheid,2020,0.52,0.36,0.12
 Blankenberge ,31004,nee,Vertrouwen in overheden,Vertrouwen in federale overheid,2017,0.42,0.43,0.15
 Blankenberge ,31004,nee,Vertrouwen in overheden,Vertrouwen in federale overheid,2020,0.59,0.3,0.11
 Blankenberge ,31004,nee,Vertrouwen in overheden,Vertrouwen in gemeente-/stadsbestuur,2017,0.27,0.46,0.27
 Blankenberge ,31004,nee,Vertrouwen in overheden,Vertrouwen in gemeente-/stadsbestuur,2020,0.29,0.46,0.26
 Blankenberge ,31004,nee,Vertrouwen in overheden,Vertrouwen in Vlaamse overheid,2017,0.35,0.45,0.2
 Blankenberge ,31004,nee,Vertrouwen in overheden,Vertrouwen in Vlaamse overheid,2020,0.45,0.39,0.16
 Bocholt ,72003,nee,Vertrouwen in overheden,Vertrouwen in Europese overheid,2017,0.43,0.43,0.15
 Bocholt ,72003,nee,Vertrouwen in overheden,Vertrouwen in Europese overheid,2020,0.52,0.4,0.08
 Bocholt ,72003,nee,Vertrouwen in overheden,Vertrouwen in federale overheid,2017,0.45,0.41,0.14
 Bocholt ,72003,nee,Vertrouwen in overheden,Vertrouwen in federale overheid,2020,0.61,0.34,0.04
 Bocholt ,72003,nee,Vertrouwen in overheden,Vertrouwen in gemeente-/stadsbestuur,2017,0.21,0.49,0.3
 Bocholt ,72003,nee,Vertrouwen in overheden,Vertrouwen in gemeente-/stadsbestuur,2020,0.25,0.52,0.24
 Bocholt ,72003,nee,Vertrouwen in overheden,Vertrouwen in Vlaamse overheid,2017,0.38,0.44,0.18
 Bocholt ,72003,nee,Vertrouwen in overheden,Vertrouwen in Vlaamse overheid,2020,0.52,0.39,0.1
 Boechout ,11004,nee,Vertrouwen in overheden,Vertrouwen in Europese overheid,2017,0.38,0.43,0.2
 Boechout ,11004,nee,Vertrouwen in overheden,Vertrouwen in Europese overheid,2020,0.49,0.33,0.19
 Boechout ,11004,nee,Vertrouwen in overheden,Vertrouwen in federale overheid,2017,0.41,0.43,0.16
 Boechout ,11004,nee,Vertrouwen in overheden,Vertrouwen in federale overheid,2020,0.61,0.28,0.11
 Boechout ,11004,nee,Vertrouwen in overheden,Vertrouwen in gemeente-/stadsbestuur,2017,0.16,0.42,0.41
 Boechout ,11004,nee,Vertrouwen in overheden,Vertrouwen in gemeente-/stadsbestuur,2020,0.15,0.43,0.42
 Boechout ,11004,nee,Vertrouwen in overheden,Vertrouwen in Vlaamse overheid,2017,0.33,0.45,0.22
 Boechout ,11004,nee,Vertrouwen in overheden,Vertrouwen in Vlaamse overheid,2020,0.45,0.38,0.17
 Bonheiden ,12005,nee,Vertrouwen in overheden,Vertrouwen in Europese overheid,2017,0.34,0.43,0.23
 Bonheiden ,12005,nee,Vertrouwen in overheden,Vertrouwen in Europese overheid,2020,0.37,0.44,0.2
 Bonheiden ,12005,nee,Vertrouwen in overheden,Vertrouwen in federale overheid,2017,0.34,0.44,0.22
 Bonheiden ,12005,nee,Vertrouwen in overheden,Vertrouwen in federale overheid,2020,0.45,0.39,0.16
 Bonheiden ,12005,nee,Vertrouwen in overheden,Vertrouwen in gemeente-/stadsbestuur,2017,0.15,0.45,0.4
 Bonheiden ,12005,nee,Vertrouwen in overheden,Vertrouwen in gemeente-/stadsbestuur,2020,0.15,0.46,0.38
 Bonheiden ,12005,nee,Vertrouwen in overheden,Vertrouwen in Vlaamse overheid,2017,0.29,0.43,0.28
 Bonheiden ,12005,nee,Vertrouwen in overheden,Vertrouwen in Vlaamse overheid,2020,0.35,0.46,0.19
 Boom ,11005,nee,Vertrouwen in overheden,Vertrouwen in Europese overheid,2017,0.45,0.35,0.2
 Boom ,11005,nee,Vertrouwen in overheden,Vertrouwen in Europese overheid,2020,0.52,0.33,0.16
 Boom ,11005,nee,Vertrouwen in overheden,Vertrouwen in federale overheid,2017,0.42,0.4,0.18
 Boom ,11005,nee,Vertrouwen in overheden,Vertrouwen in federale overheid,2020,0.6,0.28,0.12
 Boom ,11005,nee,Vertrouwen in overheden,Vertrouwen in gemeente-/stadsbestuur,2017,0.3,0.44,0.26
 Boom ,11005,nee,Vertrouwen in overheden,Vertrouwen in gemeente-/stadsbestuur,2020,0.29,0.48,0.23
 Boom ,11005,nee,Vertrouwen in overheden,Vertrouwen in Vlaamse overheid,2017,0.38,0.37,0.25
 Boom ,11005,nee,Vertrouwen in overheden,Vertrouwen in Vlaamse overheid,2020,0.49,0.34,0.17
 Boortmeerbeek ,24014,nee,Vertrouwen in overheden,Vertrouwen in Europese overheid,2017,0.37,0.43,0.2
 Boortmeerbeek ,24014,nee,Vertrouwen in overheden,Vertrouwen in Europese overheid,2020,0.47,0.37,0.16
 Boortmeerbeek ,24014,nee,Vertrouwen in overheden,Vertrouwen in federale overheid,2017,0.36,0.48,0.16
 Boortmeerbeek ,24014,nee,Vertrouwen in overheden,Vertrouwen in federale overheid,2020,0.6,0.31,0.1
 Boortmeerbeek ,24014,nee,Vertrouwen in overheden,Vertrouwen in gemeente-/stadsbestuur,2017,0.21,0.46,0.33
 Boortmeerbeek ,24014,nee,Vertrouwen in overheden,Vertrouwen in gemeente-/stadsbestuur,2020,0.29,0.47,0.24
 Boortmeerbeek ,24014,nee,Vertrouwen in overheden,Vertrouwen in Vlaamse overheid,2017,0.29,0.47,0.24
 Boortmeerbeek ,24014,nee,Vertrouwen in overheden,Vertrouwen in Vlaamse overheid,2020,0.45,0.39,0.16
 Borgloon ,73009,nee,Vertrouwen in overheden,Vertrouwen in Europese overheid,2017,0.43,0.41,0.16
 Borgloon ,73009,nee,Vertrouwen in overheden,Vertrouwen in Europese overheid,2020,0.57,0.3,0.13
 Borgloon ,73009,nee,Vertrouwen in overheden,Vertrouwen in federale overheid,2017,0.39,0.46,0.15
 Borgloon ,73009,nee,Vertrouwen in overheden,Vertrouwen in federale overheid,2020,0.64,0.27,0.09
 Borgloon ,73009,nee,Vertrouwen in overheden,Vertrouwen in gemeente-/stadsbestuur,2017,0.27,0.47,0.25
 Borgloon ,73009,nee,Vertrouwen in overheden,Vertrouwen in gemeente-/stadsbestuur,2020,0.31,0.47,0.22
 Borgloon ,73009,nee,Vertrouwen in overheden,Vertrouwen in Vlaamse overheid,2017,0.38,0.42,0.2
 Borgloon ,73009,nee,Vertrouwen in overheden,Vertrouwen in Vlaamse overheid,2020,0.54,0.33,0.13
 Bornem ,12007,nee,Vertrouwen in overheden,Vertrouwen in Europese overheid,2017,0.47,0.37,0.16
 Bornem ,12007,nee,Vertrouwen in overheden,Vertrouwen in Europese overheid,2020,0.55,0.35,0.1
 Bornem ,12007,nee,Vertrouwen in overheden,Vertrouwen in federale overheid,2017,0.42,0.4,0.17
 Bornem ,12007,nee,Vertrouwen in overheden,Vertrouwen in federale overheid,2020,0.64,0.3,0.07
 Bornem ,12007,nee,Vertrouwen in overheden,Vertrouwen in gemeente-/stadsbestuur,2017,0.17,0.43,0.41
 Bornem ,12007,nee,Vertrouwen in overheden,Vertrouwen in gemeente-/stadsbestuur,2020,0.26,0.54,0.2
 Bornem ,12007,nee,Vertrouwen in overheden,Vertrouwen in Vlaamse overheid,2017,0.34,0.46,0.2
 Bornem ,12007,nee,Vertrouwen in overheden,Vertrouwen in Vlaamse overheid,2020,0.48,0.39,0.12
 Borsbeek ,11007,nee,Vertrouwen in overheden,Vertrouwen in Europese overheid,2017,0.43,0.43,0.15
 Borsbeek ,11007,nee,Vertrouwen in overheden,Vertrouwen in Europese overheid,2020,0.45,0.41,0.14
 Borsbeek ,11007,nee,Vertrouwen in overheden,Vertrouwen in federale overheid,2017,0.42,0.44,0.14
 Borsbeek ,11007,nee,Vertrouwen in overheden,Vertrouwen in federale overheid,2020,0.55,0.33,0.12
 Borsbeek ,11007,nee,Vertrouwen in overheden,Vertrouwen in gemeente-/stadsbestuur,2017,0.12,0.4,0.48
 Borsbeek ,11007,nee,Vertrouwen in overheden,Vertrouwen in gemeente-/stadsbestuur,2020,0.2,0.47,0.33
 Borsbeek ,11007,nee,Vertrouwen in overheden,Vertrouwen in Vlaamse overheid,2017,0.33,0.43,0.24
 Borsbeek ,11007,nee,Vertrouwen in overheden,Vertrouwen in Vlaamse overheid,2020,0.42,0.41,0.18
 Boutersem ,24016,nee,Vertrouwen in overheden,Vertrouwen in Europese overheid,2017,0.39,0.43,0.19
 Boutersem ,24016,nee,Vertrouwen in overheden,Vertrouwen in Europese overheid,2020,0.5,0.36,0.15
 Boutersem ,24016,nee,Vertrouwen in overheden,Vertrouwen in federale overheid,2017,0.39,0.44,0.17
 Boutersem ,24016,nee,Vertrouwen in overheden,Vertrouwen in federale overheid,2020,0.63,0.31,0.06
 Boutersem ,24016,nee,Vertrouwen in overheden,Vertrouwen in gemeente-/stadsbestuur,2017,0.18,0.48,0.34
 Boutersem ,24016,nee,Vertrouwen in overheden,Vertrouwen in gemeente-/stadsbestuur,2020,0.24,0.52,0.24
 Boutersem ,24016,nee,Vertrouwen in overheden,Vertrouwen in Vlaamse overheid,2017,0.34,0.43,0.23
 Boutersem ,24016,nee,Vertrouwen in overheden,Vertrouwen in Vlaamse overheid,2020,0.48,0.38,0.14
 Brakel ,45059,nee,Vertrouwen in overheden,Vertrouwen in Europese overheid,2017,0.44,0.38,0.18
 Brakel ,45059,nee,Vertrouwen in overheden,Vertrouwen in Europese overheid,2020,0.5,0.38,0.12
 Brakel ,45059,nee,Vertrouwen in overheden,Vertrouwen in federale overheid,2017,0.41,0.42,0.17
 Brakel ,45059,nee,Vertrouwen in overheden,Vertrouwen in federale overheid,2020,0.56,0.36,0.08
 Brakel ,45059,nee,Vertrouwen in overheden,Vertrouwen in gemeente-/stadsbestuur,2017,0.24,0.47,0.29
 Brakel ,45059,nee,Vertrouwen in overheden,Vertrouwen in gemeente-/stadsbestuur,2020,0.24,0.45,0.31
 Brakel ,45059,nee,Vertrouwen in overheden,Vertrouwen in Vlaamse overheid,2017,0.36,0.46,0.18
 Brakel ,45059,nee,Vertrouwen in overheden,Vertrouwen in Vlaamse overheid,2020,0.51,0.37,0.12
 Brasschaat ,11008,nee,Vertrouwen in overheden,Vertrouwen in Europese overheid,2017,0.37,0.46,0.17
 Brasschaat ,11008,nee,Vertrouwen in overheden,Vertrouwen in Europese overheid,2020,0.46,0.39,0.14
 Brasschaat ,11008,nee,Vertrouwen in overheden,Vertrouwen in federale overheid,2017,0.33,0.5,0.17
 Brasschaat ,11008,nee,Vertrouwen in overheden,Vertrouwen in federale overheid,2020,0.59,0.32,0.09
 Brasschaat ,11008,nee,Vertrouwen in overheden,Vertrouwen in gemeente-/stadsbestuur,2017,0.1,0.5,0.39
 Brasschaat ,11008,nee,Vertrouwen in overheden,Vertrouwen in gemeente-/stadsbestuur,2020,0.23,0.44,0.32
 Brasschaat ,11008,nee,Vertrouwen in overheden,Vertrouwen in Vlaamse overheid,2017,0.25,0.48,0.27
 Brasschaat ,11008,nee,Vertrouwen in overheden,Vertrouwen in Vlaamse overheid,2020,0.44,0.38,0.18
 Brecht ,11009,nee,Vertrouwen in overheden,Vertrouwen in Europese overheid,2017,0.47,0.41,0.12
 Brecht ,11009,nee,Vertrouwen in overheden,Vertrouwen in Europese overheid,2020,0.52,0.4,0.08
 Brecht ,11009,nee,Vertrouwen in overheden,Vertrouwen in federale overheid,2017,0.4,0.51,0.09
 Brecht ,11009,nee,Vertrouwen in overheden,Vertrouwen in federale overheid,2020,0.66,0.29,0.05
 Brecht ,11009,nee,Vertrouwen in overheden,Vertrouwen in gemeente-/stadsbestuur,2017,0.17,0.51,0.32
 Brecht ,11009,nee,Vertrouwen in overheden,Vertrouwen in gemeente-/stadsbestuur,2020,0.18,0.56,0.26
 Brecht ,11009,nee,Vertrouwen in overheden,Vertrouwen in Vlaamse overheid,2017,0.35,0.47,0.18
 Brecht ,11009,nee,Vertrouwen in overheden,Vertrouwen in Vlaamse overheid,2020,0.53,0.36,0.11
 Bredene ,35002,nee,Vertrouwen in overheden,Vertrouwen in Europese overheid,2017,0.43,0.43,0.14
 Bredene ,35002,nee,Vertrouwen in overheden,Vertrouwen in Europese overheid,2020,0.55,0.35,0.1
 Bredene ,35002,nee,Vertrouwen in overheden,Vertrouwen in federale overheid,2017,0.42,0.46,0.12
 Bredene ,35002,nee,Vertrouwen in overheden,Vertrouwen in federale overheid,2020,0.64,0.28,0.08
 Bredene ,35002,nee,Vertrouwen in overheden,Vertrouwen in gemeente-/stadsbestuur,2017,0.11,0.36,0.53
 Bredene ,35002,nee,Vertrouwen in overheden,Vertrouwen in gemeente-/stadsbestuur,2020,0.17,0.4,0.43
 Bredene ,35002,nee,Vertrouwen in overheden,Vertrouwen in Vlaamse overheid,2017,0.37,0.47,0.16
 Bredene ,35002,nee,Vertrouwen in overheden,Vertrouwen in Vlaamse overheid,2020,0.5,0.37,0.13
 Bree ,72004,nee,Vertrouwen in overheden,Vertrouwen in Europese overheid,2017,0.43,0.43,0.14
 Bree ,72004,nee,Vertrouwen in overheden,Vertrouwen in Europese overheid,2020,0.48,0.39,0.13
 Bree ,72004,nee,Vertrouwen in overheden,Vertrouwen in federale overheid,2017,0.41,0.44,0.15
 Bree ,72004,nee,Vertrouwen in overheden,Vertrouwen in federale overheid,2020,0.6,0.29,0.12
 Bree ,72004,nee,Vertrouwen in overheden,Vertrouwen in gemeente-/stadsbestuur,2017,0.26,0.46,0.27
 Bree ,72004,nee,Vertrouwen in overheden,Vertrouwen in gemeente-/stadsbestuur,2020,0.19,0.47,0.34
 Bree ,72004,nee,Vertrouwen in overheden,Vertrouwen in Vlaamse overheid,2017,0.36,0.44,0.2
 Bree ,72004,nee,Vertrouwen in overheden,Vertrouwen in Vlaamse overheid,2020,0.46,0.35,0.19
 Brugge ,31005,ja,Vertrouwen in overheden,Vertrouwen in Europese overheid,2020,0.43,0.39,0.18
 Brugge ,31005,ja,Vertrouwen in overheden,Vertrouwen in federale overheid,2008,0.45,0.42,0.13
 Brugge ,31005,ja,Vertrouwen in overheden,Vertrouwen in federale overheid,2011,0.53,0.38,0.09
 Brugge ,31005,ja,Vertrouwen in overheden,Vertrouwen in federale overheid,2014,0.37,0.45,0.18
 Brugge ,31005,ja,Vertrouwen in overheden,Vertrouwen in federale overheid,2017,0.39,0.46,0.14
 Brugge ,31005,ja,Vertrouwen in overheden,Vertrouwen in federale overheid,2020,0.56,0.32,0.12
 Brugge ,31005,ja,Vertrouwen in overheden,Vertrouwen in gemeente-/stadsbestuur,2008,0.13,0.46,0.4
 Brugge ,31005,ja,Vertrouwen in overheden,Vertrouwen in gemeente-/stadsbestuur,2011,0.14,0.45,0.4
 Brugge ,31005,ja,Vertrouwen in overheden,Vertrouwen in gemeente-/stadsbestuur,2014,0.18,0.46,0.36
 Brugge ,31005,ja,Vertrouwen in overheden,Vertrouwen in gemeente-/stadsbestuur,2017,0.23,0.5,0.27
 Brugge ,31005,ja,Vertrouwen in overheden,Vertrouwen in gemeente-/stadsbestuur,2020,0.13,0.38,0.49
 Brugge ,31005,ja,Vertrouwen in overheden,Vertrouwen in Vlaamse overheid,2008,0.26,0.44,0.3
 Brugge ,31005,ja,Vertrouwen in overheden,Vertrouwen in Vlaamse overheid,2011,0.31,0.45,0.23
 Brugge ,31005,ja,Vertrouwen in overheden,Vertrouwen in Vlaamse overheid,2014,0.27,0.48,0.25
 Brugge ,31005,ja,Vertrouwen in overheden,Vertrouwen in Vlaamse overheid,2017,0.33,0.48,0.19
 Brugge ,31005,ja,Vertrouwen in overheden,Vertrouwen in Vlaamse overheid,2020,0.45,0.39,0.16
 Buggenhout ,42004,nee,Vertrouwen in overheden,Vertrouwen in Europese overheid,2017,0.4,0.42,0.18
 Buggenhout ,42004,nee,Vertrouwen in overheden,Vertrouwen in Europese overheid,2020,0.48,0.4,0.12
 Buggenhout ,42004,nee,Vertrouwen in overheden,Vertrouwen in federale overheid,2017,0.4,0.44,0.16
 Buggenhout ,42004,nee,Vertrouwen in overheden,Vertrouwen in federale overheid,2020,0.58,0.34,0.08
 Buggenhout ,42004,nee,Vertrouwen in overheden,Vertrouwen in gemeente-/stadsbestuur,2017,0.2,0.44,0.36
 Buggenhout ,42004,nee,Vertrouwen in overheden,Vertrouwen in gemeente-/stadsbestuur,2020,0.25,0.44,0.31
 Buggenhout ,42004,nee,Vertrouwen in overheden,Vertrouwen in Vlaamse overheid,2017,0.31,0.45,0.24
 Buggenhout ,42004,nee,Vertrouwen in overheden,Vertrouwen in Vlaamse overheid,2020,0.44,0.38,0.18
 Damme ,31006,nee,Vertrouwen in overheden,Vertrouwen in Europese overheid,2017,0.5,0.37,0.13
 Damme ,31006,nee,Vertrouwen in overheden,Vertrouwen in Europese overheid,2020,0.55,0.32,0.13
 Damme ,31006,nee,Vertrouwen in overheden,Vertrouwen in federale overheid,2017,0.46,0.42,0.12
 Damme ,31006,nee,Vertrouwen in overheden,Vertrouwen in federale overheid,2020,0.65,0.27,0.08
 Damme ,31006,nee,Vertrouwen in overheden,Vertrouwen in gemeente-/stadsbestuur,2017,0.16,0.46,0.38
 Damme ,31006,nee,Vertrouwen in overheden,Vertrouwen in gemeente-/stadsbestuur,2020,0.25,0.41,0.34
 Damme ,31006,nee,Vertrouwen in overheden,Vertrouwen in Vlaamse overheid,2017,0.37,0.44,0.19
 Damme ,31006,nee,Vertrouwen in overheden,Vertrouwen in Vlaamse overheid,2020,0.51,0.35,0.14
 De Haan ,35029,nee,Vertrouwen in overheden,Vertrouwen in Europese overheid,2017,0.44,0.39,0.17
 De Haan ,35029,nee,Vertrouwen in overheden,Vertrouwen in Europese overheid,2020,0.51,0.33,0.16
 De Haan ,35029,nee,Vertrouwen in overheden,Vertrouwen in federale overheid,2017,0.38,0.45,0.16
