,Datum,Aantal Covid-overlijdens,Aantal Covid-overlijdens opgeteld
0,2020-03-07,1,1
1,2020-03-10,1,2
2,2020-03-11,3,5
3,2020-03-13,4,9
4,2020-03-14,7,16
5,2020-03-15,7,23
6,2020-03-16,11,34
7,2020-03-17,15,49
8,2020-03-18,25,74
9,2020-03-19,35,109
10,2020-03-20,40,149
11,2020-03-21,41,190
12,2020-03-22,55,245
13,2020-03-23,81,326
14,2020-03-24,76,402
15,2020-03-25,111,513
16,2020-03-26,102,615
17,2020-03-27,136,751
18,2020-03-28,144,895
19,2020-03-29,144,1039
20,2020-03-30,171,1210
21,2020-03-31,201,1411
22,2020-04-01,241,1652
23,2020-04-02,215,1867
24,2020-04-03,241,2108
25,2020-04-04,270,2378
26,2020-04-05,245,2623
27,2020-04-06,254,2877
28,2020-04-07,276,3153
29,2020-04-08,323,3476
30,2020-04-09,270,3746
31,2020-04-10,300,4046
32,2020-04-11,289,4335
33,2020-04-12,268,4603
34,2020-04-13,273,4876
35,2020-04-14,260,5136
36,2020-04-15,279,5415
37,2020-04-16,245,5660
38,2020-04-17,206,5866
39,2020-04-18,206,6072
40,2020-04-19,185,6257
41,2020-04-20,208,6465
42,2020-04-21,194,6659
43,2020-04-22,181,6840
44,2020-04-23,157,6997
45,2020-04-24,154,7151
46,2020-04-25,142,7293
47,2020-04-26,152,7445
48,2020-04-27,132,7577
49,2020-04-28,113,7690
50,2020-04-29,108,7798
51,2020-04-30,90,7888
52,2020-05-01,93,7981
53,2020-05-02,78,8059
54,2020-05-03,91,8150
55,2020-05-04,93,8243
56,2020-05-05,83,8326
57,2020-05-06,78,8404
58,2020-05-07,68,8472
59,2020-05-08,80,8552
60,2020-05-09,76,8628
61,2020-05-10,72,8700
62,2020-05-11,66,8766
63,2020-05-12,47,8813
64,2020-05-13,60,8873
65,2020-05-14,46,8919
66,2020-05-15,47,8966
67,2020-05-16,29,8995
68,2020-05-17,31,9026
69,2020-05-18,39,9065
70,2020-05-19,36,9101
71,2020-05-20,31,9132
72,2020-05-21,38,9170
73,2020-05-22,42,9212
74,2020-05-23,28,9240
75,2020-05-24,32,9272
76,2020-05-25,26,9298
77,2020-05-26,26,9324
78,2020-05-27,25,9349
79,2020-05-28,28,9377
80,2020-05-29,16,9393
81,2020-05-30,25,9418
82,2020-05-31,22,9440
83,2020-06-01,21,9461
84,2020-06-02,24,9485
85,2020-06-03,19,9504
86,2020-06-04,17,9521
87,2020-06-05,13,9534
88,2020-06-06,11,9545
89,2020-06-07,12,9557
90,2020-06-08,10,9567
91,2020-06-09,12,9579
92,2020-06-10,15,9594
93,2020-06-11,9,9603
94,2020-06-12,10,9613
95,2020-06-13,5,9618
96,2020-06-14,5,9623
97,2020-06-15,8,9631
98,2020-06-16,9,9640
99,2020-06-17,8,9648
100,2020-06-18,5,9653
101,2020-06-19,4,9657
102,2020-06-20,4,9661
103,2020-06-21,8,9669
104,2020-06-22,12,9681
105,2020-06-23,4,9685
106,2020-06-24,5,9690
107,2020-06-25,5,9695
108,2020-06-26,2,9697
109,2020-06-27,8,9705
110,2020-06-28,5,9710
111,2020-06-29,3,9713
112,2020-06-30,8,9721
113,2020-07-01,3,9724
114,2020-07-02,4,9728
115,2020-07-03,2,9730
116,2020-07-04,4,9734
117,2020-07-05,2,9736
118,2020-07-06,1,9737
119,2020-07-07,3,9740
120,2020-07-08,1,9741
121,2020-07-09,2,9743
122,2020-07-11,2,9745
123,2020-07-12,4,9749
124,2020-07-13,1,9750
125,2020-07-14,3,9753
126,2020-07-15,5,9758
127,2020-07-16,5,9763
128,2020-07-17,2,9765
129,2020-07-18,3,9768
130,2020-07-19,2,9770
131,2020-07-20,2,9772
132,2020-07-21,1,9773
133,2020-07-22,2,9775
134,2020-07-23,2,9777
135,2020-07-24,5,9782
136,2020-07-25,1,9783
137,2020-07-26,2,9785
138,2020-07-27,6,9791
139,2020-07-28,1,9792
140,2020-07-29,3,9795
141,2020-07-30,2,9797
142,2020-07-31,5,9802
143,2020-08-01,1,9803
144,2020-08-02,5,9808
145,2020-08-03,5,9813
146,2020-08-04,7,9820
147,2020-08-05,5,9825
148,2020-08-06,4,9829
149,2020-08-07,7,9836
150,2020-08-08,2,9838
151,2020-08-09,5,9843
152,2020-08-10,12,9855
153,2020-08-11,11,9866
154,2020-08-12,11,9877
155,2020-08-13,14,9891
156,2020-08-14,12,9903
157,2020-08-15,10,9913
158,2020-08-16,8,9921
159,2020-08-17,7,9928
160,2020-08-18,10,9938
161,2020-08-19,10,9948
162,2020-08-20,5,9953
163,2020-08-21,3,9956
164,2020-08-22,6,9962
165,2020-08-23,4,9966
166,2020-08-24,5,9971
167,2020-08-25,5,9976
168,2020-08-26,4,9980
169,2020-08-27,3,9983
170,2020-08-28,4,9987
171,2020-08-29,6,9993
172,2020-08-30,1,9994
173,2020-08-31,3,9997
174,2020-09-01,3,10000
175,2020-09-02,3,10003
176,2020-09-03,4,10007
177,2020-09-04,2,10009
178,2020-09-05,1,10010
179,2020-09-06,3,10013
180,2020-09-07,4,10017
181,2020-09-08,3,10020
182,2020-09-09,2,10022
183,2020-09-10,3,10025
184,2020-09-11,5,10030
185,2020-09-12,1,10031
186,2020-09-13,1,10032
187,2020-09-14,4,10036
188,2020-09-15,3,10039
189,2020-09-16,4,10043
190,2020-09-17,1,10044
191,2020-09-18,6,10050
192,2020-09-19,8,10058
193,2020-09-20,3,10061
194,2020-09-21,3,10064
195,2020-09-22,1,10065
196,2020-09-23,8,10073
197,2020-09-24,5,10078
198,2020-09-25,5,10083
199,2020-09-26,7,10090
200,2020-09-27,13,10103
201,2020-09-28,13,10116
202,2020-09-29,10,10126
203,2020-09-30,6,10132
204,2020-10-01,15,10147
205,2020-10-02,12,10159
206,2020-10-03,15,10174
207,2020-10-04,15,10189
208,2020-10-05,15,10204
209,2020-10-06,19,10223
210,2020-10-07,20,10243
211,2020-10-08,20,10263
212,2020-10-09,21,10284
213,2020-10-10,21,10305
214,2020-10-11,28,10333
215,2020-10-12,36,10369
216,2020-10-13,36,10405
217,2020-10-14,42,10447
218,2020-10-15,38,10485
219,2020-10-16,36,10521
220,2020-10-17,23,10544
221,2020-10-18,29,10573
222,2020-10-19,53,10626
223,2020-10-20,51,10677
224,2020-10-21,61,10738
225,2020-10-22,56,10794
226,2020-10-23,93,10887
227,2020-10-24,96,10983
228,2020-10-25,98,11081
229,2020-10-26,123,11204
230,2020-10-27,130,11334
231,2020-10-28,142,11476
232,2020-10-29,142,11618
233,2020-10-30,184,11802
234,2020-10-31,175,11977
235,2020-11-01,165,12142
236,2020-11-02,214,12356
237,2020-11-03,174,12530
238,2020-11-04,200,12730
239,2020-11-05,210,12940
240,2020-11-06,216,13156
241,2020-11-07,207,13363
242,2020-11-08,207,13570
243,2020-11-09,201,13771
244,2020-11-10,216,13987
245,2020-11-11,196,14183
246,2020-11-12,172,14355
247,2020-11-13,182,14537
248,2020-11-14,178,14715
249,2020-11-15,192,14907
250,2020-11-16,195,15102
251,2020-11-17,160,15262
252,2020-11-18,159,15421
253,2020-11-19,169,15590
254,2020-11-20,171,15761
255,2020-11-21,143,15904
256,2020-11-22,133,16037
257,2020-11-23,142,16179
258,2020-11-24,123,16302
259,2020-11-25,139,16441
260,2020-11-26,118,16559
261,2020-11-27,126,16685
262,2020-11-28,119,16804
263,2020-11-29,119,16923
264,2020-11-30,102,17025
265,2020-12-01,111,17136
266,2020-12-02,117,17253
267,2020-12-03,95,17348
268,2020-12-04,110,17458
269,2020-12-05,87,17545
270,2020-12-06,86,17631
271,2020-12-07,99,17730
272,2020-12-08,92,17822
273,2020-12-09,90,17912
274,2020-12-10,94,18006
275,2020-12-11,115,18121
276,2020-12-12,87,18208
277,2020-12-13,92,18300
278,2020-12-14,100,18400
279,2020-12-15,102,18502
280,2020-12-16,100,18602
281,2020-12-17,89,18691
282,2020-12-18,85,18776
283,2020-12-19,92,18868
284,2020-12-20,89,18957
285,2020-12-21,71,19028
286,2020-12-22,102,19130
287,2020-12-23,94,19224
288,2020-12-24,81,19305
289,2020-12-25,69,19374
290,2020-12-26,63,19437
291,2020-12-27,61,19498
292,2020-12-28,63,19561
293,2020-12-29,77,19638
294,2020-12-30,76,19714
295,2020-12-31,87,19801
296,2021-01-01,51,19852
297,2021-01-02,64,19916
298,2021-01-03,42,19958
299,2021-01-04,59,20017
300,2021-01-05,63,20080
301,2021-01-06,57,20137
302,2021-01-07,52,20189
303,2021-01-08,50,20239
304,2021-01-09,52,20291
305,2021-01-10,57,20348
306,2021-01-11,53,20401
307,2021-01-12,51,20452
308,2021-01-13,41,20493
309,2021-01-14,62,20555
310,2021-01-15,48,20603
311,2021-01-16,47,20650
312,2021-01-17,44,20694
313,2021-01-18,58,20752
314,2021-01-19,61,20813
315,2021-01-20,49,20862
316,2021-01-21,53,20915
317,2021-01-22,48,20963
318,2021-01-23,68,21031
319,2021-01-24,40,21071
320,2021-01-25,43,21114
321,2021-01-26,54,21168
322,2021-01-27,41,21209
323,2021-01-28,55,21264
324,2021-01-29,44,21308
325,2021-01-30,29,21337
326,2021-01-31,32,21369
327,2021-02-01,40,21409
328,2021-02-02,52,21461
329,2021-02-03,43,21504
330,2021-02-04,34,21538
331,2021-02-05,57,21595
332,2021-02-06,42,21637
333,2021-02-07,41,21678
334,2021-02-08,37,21715
335,2021-02-09,40,21755
336,2021-02-10,43,21798
337,2021-02-11,35,21833
338,2021-02-12,41,21874
339,2021-02-13,32,21906
340,2021-02-14,52,21958
341,2021-02-15,37,21995
342,2021-02-16,39,22034
343,2021-02-17,29,22063
344,2021-02-18,33,22096
345,2021-02-19,30,22126
346,2021-02-20,21,22147
347,2021-02-21,26,22173
348,2021-02-22,20,22193
349,2021-02-23,25,22218
350,2021-02-24,22,22240
351,2021-02-25,29,22269
352,2021-02-26,22,22291
353,2021-02-27,29,22320
354,2021-02-28,31,22351
355,2021-03-01,31,22382
356,2021-03-02,25,22407
357,2021-03-03,27,22434
358,2021-03-04,15,22449
359,2021-03-05,34,22483
360,2021-03-06,25,22508
361,2021-03-07,19,22527
362,2021-03-08,36,22563
363,2021-03-09,23,22586
364,2021-03-10,24,22610
365,2021-03-11,27,22637
366,2021-03-12,20,22657
367,2021-03-13,25,22682
368,2021-03-14,20,22702
369,2021-03-15,25,22727
370,2021-03-16,28,22755
371,2021-03-17,25,22780
372,2021-03-18,26,22806
373,2021-03-19,31,22837
374,2021-03-20,24,22861
375,2021-03-21,24,22885
376,2021-03-22,34,22919
377,2021-03-23,24,22943
378,2021-03-24,27,22970
379,2021-03-25,34,23004
380,2021-03-26,20,23024
381,2021-03-27,28,23052
382,2021-03-28,23,23075
383,2021-03-29,31,23106
384,2021-03-30,33,23139
385,2021-03-31,31,23170
386,2021-04-01,40,23210
387,2021-04-02,46,23256
388,2021-04-03,40,23296
389,2021-04-04,36,23332
390,2021-04-05,49,23381
391,2021-04-06,46,23427
392,2021-04-07,43,23470
393,2021-04-08,43,23513
394,2021-04-09,44,23557
395,2021-04-10,46,23603
396,2021-04-11,22,23625
397,2021-04-12,44,23669
398,2021-04-13,37,23706
399,2021-04-14,39,23745
400,2021-04-15,42,23787
401,2021-04-16,45,23832
402,2021-04-17,30,23862
403,2021-04-18,35,23897
404,2021-04-19,50,23947
405,2021-04-20,36,23983
406,2021-04-21,36,24019
407,2021-04-22,43,24062
408,2021-04-23,42,24104
409,2021-04-24,36,24140
410,2021-04-25,39,24179
411,2021-04-26,44,24223
412,2021-04-27,26,24249
413,2021-04-28,49,24298
414,2021-04-29,46,24344
415,2021-04-30,33,24377
416,2021-05-01,28,24405
417,2021-05-02,34,24439
418,2021-05-03,43,24482
419,2021-05-04,40,24522
420,2021-05-05,38,24560
421,2021-05-06,38,24598
422,2021-05-07,26,24624
423,2021-05-08,42,24666
424,2021-05-09,32,24698
425,2021-05-10,28,24726
426,2021-05-11,17,24743
427,2021-05-12,19,24762
428,2021-05-13,21,24783
429,2021-05-14,20,24803
430,2021-05-15,22,24825
431,2021-05-16,17,24842
432,2021-05-17,24,24866
433,2021-05-18,17,24883
434,2021-05-19,25,24908
435,2021-05-20,16,24924
436,2021-05-21,19,24943
437,2021-05-22,18,24961
438,2021-05-23,11,24972
439,2021-05-24,19,24991
440,2021-05-25,17,25008
441,2021-05-26,13,25021
442,2021-05-27,6,25027
443,2021-05-28,11,25038
444,2021-05-29,16,25054
445,2021-05-30,18,25072
446,2021-05-31,14,25086
447,2021-06-01,11,25097
448,2021-06-02,15,25112
449,2021-06-03,15,25127
450,2021-06-04,10,25137
451,2021-06-05,13,25150
452,2021-06-06,7,25157
453,2021-06-07,5,25162
454,2021-06-08,13,25175
455,2021-06-09,6,25181
456,2021-06-10,7,25188
457,2021-06-11,9,25197
458,2021-06-12,6,25203
459,2021-06-13,4,25207
460,2021-06-14,6,25213
461,2021-06-15,6,25219
462,2021-06-16,6,25225
463,2021-06-17,7,25232
464,2021-06-18,9,25241
465,2021-06-19,6,25247
466,2021-06-20,3,25250
467,2021-06-21,5,25255
468,2021-06-22,3,25258
469,2021-06-23,5,25263
470,2021-06-24,5,25268
471,2021-06-25,5,25273
472,2021-06-26,2,25275
473,2021-06-27,3,25278
474,2021-06-28,2,25280
475,2021-06-29,5,25285
476,2021-06-30,2,25287
477,2021-07-01,5,25292
478,2021-07-02,3,25295
479,2021-07-03,3,25298
480,2021-07-04,2,25300
481,2021-07-05,3,25303
482,2021-07-06,1,25304
483,2021-07-08,2,25306
484,2021-07-09,2,25308
485,2021-07-10,5,25313
486,2021-07-12,2,25315
487,2021-07-14,1,25316
488,2021-07-15,2,25318
489,2021-07-16,2,25320
490,2021-07-18,2,25322
491,2021-07-21,3,25325
492,2021-07-22,4,25329
493,2021-07-23,2,25331
494,2021-07-24,3,25334
495,2021-07-25,2,25336
496,2021-07-26,1,25337
497,2021-07-27,4,25341
498,2021-07-28,1,25342
499,2021-07-29,6,25348
500,2021-07-30,7,25355
501,2021-07-31,3,25358
502,2021-08-01,1,25359
503,2021-08-02,5,25364
504,2021-08-03,5,25369
505,2021-08-04,4,25373
506,2021-08-05,3,25376
507,2021-08-06,3,25379
508,2021-08-07,3,25382
509,2021-08-08,3,25385
510,2021-08-09,5,25390
511,2021-08-10,2,25392
512,2021-08-11,2,25394
513,2021-08-12,3,25397
514,2021-08-13,5,25402
515,2021-08-14,4,25406
516,2021-08-15,2,25408
517,2021-08-16,5,25413
518,2021-08-17,3,25416
519,2021-08-18,4,25420
520,2021-08-19,9,25429
521,2021-08-20,9,25438
522,2021-08-21,7,25445
523,2021-08-22,7,25452
524,2021-08-23,3,25455
525,2021-08-24,6,25461
526,2021-08-25,7,25468
527,2021-08-26,6,25474
528,2021-08-27,4,25478
529,2021-08-28,5,25483
530,2021-08-29,4,25487
531,2021-08-30,5,25492
532,2021-08-31,4,25496
533,2021-09-01,7,25503
534,2021-09-02,6,25509
535,2021-09-03,6,25515
536,2021-09-04,10,25525
537,2021-09-05,8,25533
538,2021-09-06,7,25540
539,2021-09-07,9,25549
540,2021-09-08,9,25558
541,2021-09-09,6,25564
542,2021-09-10,7,25571
543,2021-09-11,7,25578
544,2021-09-12,7,25585
545,2021-09-13,7,25592
546,2021-09-14,8,25600
547,2021-09-15,7,25607
548,2021-09-16,1,25608
549,2021-09-17,5,25613
550,2021-09-18,9,25622
551,2021-09-19,7,25629
552,2021-09-20,6,25635
553,2021-09-21,5,25640
554,2021-09-22,11,25651
555,2021-09-23,11,25662
556,2021-09-24,7,25669
557,2021-09-25,7,25676
558,2021-09-26,7,25683
559,2021-09-27,13,25696
560,2021-09-28,7,25703
561,2021-09-29,8,25711
562,2021-09-30,10,25721
563,2021-10-01,6,25727
564,2021-10-02,8,25735
565,2021-10-03,8,25743
566,2021-10-04,5,25748
567,2021-10-05,14,25762
568,2021-10-06,13,25775
569,2021-10-07,11,25786
570,2021-10-08,7,25793
571,2021-10-09,11,25804
572,2021-10-10,4,25808
573,2021-10-11,18,25826
574,2021-10-12,13,25839
575,2021-10-13,7,25846
576,2021-10-14,11,25857
577,2021-10-15,18,25875
578,2021-10-16,14,25889
579,2021-10-17,10,25899
580,2021-10-18,19,25918
581,2021-10-19,13,25931
582,2021-10-20,14,25945
583,2021-10-21,10,25955
584,2021-10-22,18,25973
585,2021-10-23,20,25993
586,2021-10-24,16,26009
587,2021-10-25,20,26029
588,2021-10-26,25,26054
589,2021-10-27,33,26087
590,2021-10-28,17,26104
591,2021-10-29,23,26127
592,2021-10-30,15,26142
593,2021-10-31,18,26160
594,2021-11-01,24,26184
595,2021-11-02,21,26205
596,2021-11-03,17,26222
597,2021-11-04,27,26249
598,2021-11-05,24,26273
599,2021-11-06,30,26303
600,2021-11-07,14,26317
601,2021-11-08,29,26346
602,2021-11-09,27,26373
603,2021-11-10,27,26400
604,2021-11-11,31,26431
605,2021-11-12,39,26470
606,2021-11-13,20,26490
607,2021-11-14,27,26517
608,2021-11-15,46,26563
609,2021-11-16,29,26592
610,2021-11-17,42,26634
611,2021-11-18,42,26676
612,2021-11-19,34,26710
613,2021-11-20,36,26746
614,2021-11-21,37,26783
615,2021-11-22,35,26818
616,2021-11-23,39,26857
617,2021-11-24,49,26906
618,2021-11-25,44,26950
619,2021-11-26,41,26991
620,2021-11-27,48,27039
621,2021-11-28,47,27086
622,2021-11-29,45,27131
623,2021-11-30,61,27192
624,2021-12-01,44,27236
625,2021-12-02,53,27289
626,2021-12-03,48,27337
627,2021-12-04,45,27382
628,2021-12-05,57,27439
629,2021-12-06,39,27478
630,2021-12-07,48,27526
631,2021-12-08,55,27581
632,2021-12-09,35,27616
633,2021-12-10,49,27665
634,2021-12-11,43,27708
635,2021-12-12,45,27753
636,2021-12-13,43,27796
637,2021-12-14,37,27833
638,2021-12-15,42,27875
639,2021-12-16,37,27912
640,2021-12-17,26,27938
641,2021-12-18,36,27974
642,2021-12-19,38,28012
643,2021-12-20,36,28048
644,2021-12-21,36,28084
645,2021-12-22,37,28121
646,2021-12-23,36,28157
647,2021-12-24,35,28192
648,2021-12-25,20,28212
649,2021-12-26,22,28234
650,2021-12-27,28,28262
651,2021-12-28,21,28283
652,2021-12-29,34,28317
653,2021-12-30,29,28346
654,2021-12-31,16,28362
655,2022-01-01,22,28384
656,2022-01-02,15,28399
657,2022-01-03,25,28424
658,2022-01-04,17,28441
659,2022-01-05,14,28455
660,2022-01-06,19,28474
661,2022-01-07,19,28493
662,2022-01-08,17,28510
663,2022-01-09,23,28533
664,2022-01-10,25,28558
665,2022-01-11,24,28582
666,2022-01-12,21,28603
667,2022-01-13,23,28626
668,2022-01-14,17,28643
669,2022-01-15,14,28657
670,2022-01-16,20,28677
671,2022-01-17,32,28709
672,2022-01-18,28,28737
673,2022-01-19,37,28774
674,2022-01-20,17,28791
675,2022-01-21,23,28814
676,2022-01-22,25,28839
677,2022-01-23,16,28855
678,2022-01-24,26,28881
679,2022-01-25,37,28918
680,2022-01-26,32,28950
681,2022-01-27,30,28980
682,2022-01-28,44,29024
683,2022-01-29,27,29051
684,2022-01-30,36,29087
685,2022-01-31,29,29116
686,2022-02-01,40,29156
687,2022-02-02,48,29204
688,2022-02-03,46,29250
689,2022-02-04,61,29311
690,2022-02-05,36,29347
691,2022-02-06,40,29387
692,2022-02-07,34,29421
693,2022-02-08,48,29469
694,2022-02-09,55,29524
695,2022-02-10,66,29590
696,2022-02-11,46,29636
697,2022-02-12,38,29674
698,2022-02-13,38,29712
699,2022-02-14,52,29764
700,2022-02-15,42,29806
701,2022-02-16,33,29839
702,2022-02-17,42,29881
703,2022-02-18,47,29928
704,2022-02-19,24,29952
705,2022-02-20,31,29983
706,2022-02-21,22,30005
707,2022-02-22,29,30034
708,2022-02-23,19,30053
709,2022-02-24,21,30074
710,2022-02-25,28,30102
711,2022-02-26,20,30122
712,2022-02-27,24,30146
713,2022-02-28,16,30162
714,2022-03-01,20,30182
715,2022-03-02,21,30203
716,2022-03-03,16,30219
717,2022-03-04,22,30241
718,2022-03-05,18,30259
719,2022-03-06,10,30269
720,2022-03-07,14,30283
721,2022-03-08,30,30313
722,2022-03-09,24,30337
723,2022-03-10,18,30355
724,2022-03-11,28,30383
725,2022-03-12,18,30401
726,2022-03-13,11,30412
727,2022-03-14,24,30436
728,2022-03-15,16,30452
729,2022-03-16,18,30470
730,2022-03-17,23,30493
731,2022-03-18,20,30513
732,2022-03-19,16,30529
733,2022-03-20,18,30547
734,2022-03-21,28,30575
735,2022-03-22,20,30595
736,2022-03-23,28,30623
737,2022-03-24,21,30644
738,2022-03-25,21,30665
739,2022-03-26,25,30690
740,2022-03-27,20,30710
741,2022-03-28,26,30736
742,2022-03-29,25,30761
743,2022-03-30,26,30787
744,2022-03-31,24,30811
745,2022-04-01,23,30834
746,2022-04-02,21,30855
747,2022-04-03,22,30877
748,2022-04-04,27,30904
749,2022-04-05,23,30927
750,2022-04-06,32,30959
751,2022-04-07,15,30974
752,2022-04-08,36,31010
753,2022-04-09,17,31027
754,2022-04-10,20,31047
755,2022-04-11,25,31072
756,2022-04-12,23,31095
757,2022-04-13,27,31122
758,2022-04-14,21,31143
759,2022-04-15,31,31174
760,2022-04-16,29,31203
761,2022-04-17,15,31218
762,2022-04-18,15,31233
763,2022-04-19,19,31252
764,2022-04-20,20,31272
765,2022-04-21,19,31291
766,2022-04-22,21,31312
767,2022-04-23,9,31321
768,2022-04-24,24,31345
769,2022-04-25,16,31361
770,2022-04-26,18,31379
771,2022-04-27,14,31393
772,2022-04-28,16,31409
773,2022-04-29,14,31423
774,2022-04-30,18,31441
775,2022-05-01,15,31456
776,2022-05-02,22,31478
777,2022-05-03,13,31491
778,2022-05-04,17,31508
779,2022-05-05,9,31517
780,2022-05-06,13,31530
781,2022-05-07,9,31539
782,2022-05-08,6,31545
783,2022-05-09,12,31557
784,2022-05-10,12,31569
785,2022-05-11,10,31579
786,2022-05-12,9,31588
787,2022-05-13,6,31594
788,2022-05-14,12,31606
789,2022-05-15,9,31615
790,2022-05-16,5,31620
791,2022-05-17,11,31631
792,2022-05-18,8,31639
793,2022-05-19,7,31646
794,2022-05-20,6,31652
795,2022-05-21,9,31661
796,2022-05-22,7,31668
797,2022-05-23,4,31672
798,2022-05-24,10,31682
799,2022-05-25,3,31685
800,2022-05-26,5,31690
801,2022-05-27,10,31700
802,2022-05-28,6,31706
803,2022-05-29,5,31711
804,2022-05-30,8,31719
805,2022-05-31,5,31724
806,2022-06-01,1,31725
807,2022-06-02,12,31737
808,2022-06-03,6,31743
809,2022-06-04,8,31751
810,2022-06-05,7,31758
811,2022-06-06,7,31765
812,2022-06-07,2,31767
813,2022-06-08,6,31773
814,2022-06-09,8,31781
815,2022-06-10,6,31787
816,2022-06-11,7,31794
817,2022-06-12,3,31797
818,2022-06-13,7,31804
819,2022-06-14,3,31807
820,2022-06-15,7,31814
821,2022-06-16,2,31816
822,2022-06-17,9,31825
823,2022-06-18,4,31829
824,2022-06-19,7,31836
825,2022-06-20,4,31840
826,2022-06-21,4,31844
827,2022-06-22,3,31847
828,2022-06-23,4,31851
829,2022-06-24,7,31858
830,2022-06-25,9,31867
831,2022-06-26,6,31873
832,2022-06-27,9,31882
833,2022-06-28,9,31891
834,2022-06-29,3,31894
835,2022-06-30,8,31902
836,2022-07-01,13,31915
837,2022-07-02,8,31923
838,2022-07-03,10,31933
839,2022-07-04,10,31943
840,2022-07-05,3,31946
841,2022-07-06,7,31953
842,2022-07-07,6,31959
843,2022-07-08,10,31969
844,2022-07-09,11,31980
845,2022-07-10,14,31994
846,2022-07-11,12,32006
847,2022-07-12,9,32015
848,2022-07-13,10,32025
849,2022-07-14,14,32039
850,2022-07-15,9,32048
851,2022-07-16,9,32057
852,2022-07-17,10,32067
853,2022-07-18,17,32084
854,2022-07-19,13,32097
855,2022-07-20,10,32107
856,2022-07-21,13,32120
857,2022-07-22,5,32125
858,2022-07-23,16,32141
859,2022-07-24,18,32159
860,2022-07-25,15,32174
861,2022-07-26,16,32190
862,2022-07-27,14,32204
863,2022-07-28,9,32213
864,2022-07-29,11,32224
865,2022-07-30,9,32233
866,2022-07-31,10,32243
867,2022-08-01,10,32253
868,2022-08-02,11,32264
869,2022-08-03,10,32274
870,2022-08-04,12,32286
871,2022-08-05,9,32295
872,2022-08-06,6,32301
873,2022-08-07,7,32308
874,2022-08-08,15,32323
875,2022-08-09,11,32334
876,2022-08-10,10,32344
877,2022-08-11,10,32354
878,2022-08-12,10,32364
879,2022-08-13,12,32376
880,2022-08-14,10,32386
881,2022-08-15,7,32393
882,2022-08-16,18,32411
883,2022-08-17,7,32418
884,2022-08-18,6,32424
885,2022-08-19,5,32429
886,2022-08-20,10,32439
887,2022-08-21,7,32446
888,2022-08-22,9,32455
889,2022-08-23,3,32458
890,2022-08-24,9,32467
891,2022-08-25,9,32476
892,2022-08-26,3,32479
893,2022-08-27,4,32483
894,2022-08-28,2,32485
895,2022-08-29,8,32493
896,2022-08-30,5,32498
897,2022-08-31,7,32505
898,2022-09-01,6,32511
899,2022-09-02,8,32519
900,2022-09-03,4,32523
901,2022-09-04,5,32528
902,2022-09-05,4,32532
903,2022-09-06,7,32539
904,2022-09-07,4,32543
905,2022-09-08,4,32547
906,2022-09-09,7,32554
907,2022-09-10,8,32562
908,2022-09-11,8,32570
909,2022-09-12,7,32577
910,2022-09-13,8,32585
911,2022-09-14,4,32589
912,2022-09-15,9,32598
913,2022-09-16,2,32600
914,2022-09-17,1,32601
915,2022-09-18,2,32603
916,2022-09-19,1,32604
917,2022-09-20,4,32608
918,2022-09-21,4,32612
919,2022-09-22,3,32615
920,2022-09-23,5,32620
921,2022-09-24,4,32624
922,2022-09-25,3,32627
923,2022-09-26,6,32633
924,2022-09-27,3,32636
925,2022-09-28,5,32641
926,2022-09-29,3,32644
927,2022-09-30,3,32647
928,2022-10-01,4,32651
929,2022-10-02,4,32655
930,2022-10-03,11,32666
931,2022-10-04,8,32674
932,2022-10-05,9,32683
933,2022-10-06,6,32689
934,2022-10-07,8,32697
935,2022-10-08,7,32704
936,2022-10-09,9,32713
937,2022-10-10,15,32728
938,2022-10-11,9,32737
939,2022-10-12,7,32744
940,2022-10-13,12,32756
941,2022-10-14,10,32766
942,2022-10-15,10,32776
943,2022-10-16,6,32782
944,2022-10-17,11,32793
945,2022-10-18,8,32801
946,2022-10-19,8,32809
947,2022-10-20,15,32824
948,2022-10-21,7,32831
949,2022-10-22,6,32837
950,2022-10-23,10,32847
951,2022-10-24,10,32857
952,2022-10-25,8,32865
953,2022-10-26,5,32870
954,2022-10-27,4,32874
955,2022-10-28,7,32881
956,2022-10-29,11,32892
957,2022-10-30,5,32897
958,2022-10-31,5,32902
959,2022-11-01,3,32905
960,2022-11-02,6,32911
961,2022-11-03,8,32919
962,2022-11-04,2,32921
963,2022-11-05,7,32928
964,2022-11-06,3,32931
965,2022-11-07,5,32936
966,2022-11-08,5,32941
967,2022-11-09,4,32945
968,2022-11-10,3,32948
969,2022-11-11,6,32954
970,2022-11-12,7,32961
971,2022-11-13,7,32968
972,2022-11-14,9,32977
973,2022-11-15,6,32983
974,2022-11-16,5,32988
975,2022-11-17,2,32990
976,2022-11-18,2,32992
977,2022-11-19,1,32993
978,2022-11-20,3,32996
979,2022-11-21,5,33001
980,2022-11-22,7,33008
981,2022-11-23,4,33012
982,2022-11-24,1,33013
983,2022-11-25,6,33019
984,2022-11-26,4,33023
985,2022-11-27,3,33026
986,2022-11-29,4,33030
987,2022-11-30,6,33036
988,2022-12-01,1,33037
989,2022-12-02,3,33040
990,2022-12-03,3,33043
991,2022-12-04,10,33053
992,2022-12-05,9,33062
993,2022-12-06,6,33068
994,2022-12-07,6,33074
995,2022-12-08,5,33079
996,2022-12-09,6,33085
997,2022-12-10,9,33094
998,2022-12-11,10,33104
999,2022-12-12,5,33109
1000,2022-12-13,18,33127
1001,2022-12-14,10,33137
1002,2022-12-15,9,33146
1003,2022-12-16,9,33155
1004,2022-12-17,9,33164
1005,2022-12-18,13,33177
1006,2022-12-19,11,33188
1007,2022-12-20,15,33203
1008,2022-12-21,11,33214
1009,2022-12-22,13,33227
1010,2022-12-23,13,33240
1011,2022-12-24,13,33253
1012,2022-12-25,13,33266
1013,2022-12-26,11,33277
1014,2022-12-27,18,33295
1015,2022-12-28,8,33303
1016,2022-12-29,16,33319
1017,2022-12-30,17,33336
1018,2022-12-31,10,33346
1019,2023-01-01,6,33352
1020,2023-01-02,12,33364
1021,2023-01-03,13,33377
1022,2023-01-04,12,33389
1023,2023-01-05,10,33399
1024,2023-01-06,9,33408
1025,2023-01-07,12,33420
1026,2023-01-08,5,33425
1027,2023-01-09,13,33438
1028,2023-01-10,10,33448
1029,2023-01-11,8,33456
1030,2023-01-12,9,33465
1031,2023-01-13,5,33470
1032,2023-01-14,9,33479
1033,2023-01-15,4,33483
1034,2023-01-16,3,33486
1035,2023-01-17,5,33491
1036,2023-01-18,6,33497
1037,2023-01-19,4,33501
1038,2023-01-20,5,33506
1039,2023-01-21,1,33507
1040,2023-01-22,5,33512
1041,2023-01-23,3,33515
1042,2023-01-24,4,33519
1043,2023-01-25,8,33527
1044,2023-01-26,4,33531
1045,2023-01-27,6,33537
1046,2023-01-29,3,33540
1047,2023-01-30,2,33542
1048,2023-01-31,6,33548
1049,2023-02-01,4,33552
1050,2023-02-02,2,33554
1051,2023-02-03,4,33558
1052,2023-02-04,9,33567
1053,2023-02-05,9,33576
1054,2023-02-06,7,33583
1055,2023-02-07,3,33586
1056,2023-02-08,6,33592
1057,2023-02-09,6,33598
1058,2023-02-10,8,33606
1059,2023-02-11,3,33609
1060,2023-02-12,7,33616
1061,2023-02-13,5,33621
1062,2023-02-14,10,33631
1063,2023-02-15,7,33638
1064,2023-02-16,7,33645
1065,2023-02-17,9,33654
1066,2023-02-18,5,33659
1067,2023-02-19,11,33670
1068,2023-02-20,12,33682
1069,2023-02-21,6,33688
1070,2023-02-22,6,33694
1071,2023-02-23,12,33706
1072,2023-02-24,7,33713
1073,2023-02-25,7,33720
1074,2023-02-26,10,33730
1075,2023-02-27,7,33737
1076,2023-02-28,10,33747
1077,2023-03-01,12,33759
1078,2023-03-02,5,33764
1079,2023-03-03,6,33770
1080,2023-03-04,5,33775
1081,2023-03-05,10,33785
1082,2023-03-06,7,33792
1083,2023-03-07,3,33795
1084,2023-03-08,10,33805
1085,2023-03-09,14,33819
1086,2023-03-10,8,33827
1087,2023-03-11,6,33833
1088,2023-03-12,13,33846
1089,2023-03-13,13,33859
1090,2023-03-14,9,33868
1091,2023-03-15,7,33875
1092,2023-03-16,14,33889
1093,2023-03-17,15,33904
1094,2023-03-18,14,33918
1095,2023-03-19,5,33923
1096,2023-03-20,11,33934
1097,2023-03-21,15,33949
1098,2023-03-22,14,33963
1099,2023-03-23,12,33975
1100,2023-03-24,13,33988
1101,2023-03-25,13,34001
1102,2023-03-26,11,34012
1103,2023-03-27,6,34018
1104,2023-03-28,10,34028
1105,2023-03-29,8,34036
1106,2023-03-30,10,34046
1107,2023-03-31,11,34057
1108,2023-04-01,5,34062
1109,2023-04-02,9,34071
1110,2023-04-03,7,34078
1111,2023-04-04,5,34083
1112,2023-04-05,3,34086
1113,2023-04-06,18,34104
1114,2023-04-07,5,34109
1115,2023-04-08,5,34114
1116,2023-04-09,4,34118
1117,2023-04-10,8,34126
1118,2023-04-11,5,34131
1119,2023-04-12,2,34133
1120,2023-04-13,6,34139
1121,2023-04-14,5,34144
1122,2023-04-15,5,34149
1123,2023-04-16,1,34150
1124,2023-04-17,1,34151
1125,2023-04-18,3,34154
1126,2023-04-19,11,34165
1127,2023-04-20,5,34170
1128,2023-04-21,4,34174
1129,2023-04-22,12,34186
1130,2023-04-23,11,34197
1131,2023-04-24,5,34202
1132,2023-04-25,4,34206
1133,2023-04-26,3,34209
1134,2023-04-27,6,34215
1135,2023-04-28,2,34217
1136,2023-04-29,5,34222
1137,2023-04-30,5,34227
1138,2023-05-01,4,34231
1139,2023-05-02,5,34236
1140,2023-05-03,5,34241
1141,2023-05-04,4,34245
1142,2023-05-05,3,34248
1143,2023-05-06,4,34252
1144,2023-05-07,4,34256
1145,2023-05-08,3,34259
1146,2023-05-09,1,34260
1147,2023-05-10,1,34261
1148,2023-05-11,4,34265
1149,2023-05-12,2,34267
1150,2023-05-13,1,34268
1151,2023-05-14,3,34271
1152,2023-05-15,2,34273
1153,2023-05-16,5,34278
1154,2023-05-17,3,34281
1155,2023-05-18,5,34286
1156,2023-05-19,4,34290
1157,2023-05-20,3,34293
1158,2023-05-21,4,34297
1159,2023-05-22,2,34299
1160,2023-05-23,4,34303
1161,2023-05-25,1,34304
1162,2023-05-26,3,34307
1163,2023-05-27,1,34308
1164,2023-05-28,1,34309
1165,2023-05-29,4,34313
1166,2023-05-30,1,34314
1167,2023-06-01,1,34315
1168,2023-06-02,2,34317
1169,2023-06-03,2,34319
1170,2023-06-04,2,34321
1171,2023-06-05,1,34322
1172,2023-06-07,1,34323
1173,2023-06-09,1,34324
1174,2023-06-10,1,34325
1175,2023-06-12,1,34326
1176,2023-06-13,4,34330
1177,2023-06-14,1,34331
1178,2023-06-15,1,34332
1179,2023-06-17,2,34334
1180,2023-06-20,1,34335
1181,2023-06-21,2,34337
1182,2023-06-23,1,34338
