Gemeente,NIS-code,Centrumstad?,Indicator,Jaar,Oneens (%),Neutraal (%),Eens (%)
 Aalst ,41002,ja,Voldoende openbaar vervoer in de gemeente/buurt,2011,0.14,0.09,0.77
 Aalst ,41002,ja,Voldoende openbaar vervoer in de gemeente/buurt,2014,0.16,0.1,0.74
 Aalst ,41002,ja,Voldoende openbaar vervoer in de gemeente/buurt,2017,0.16,0.11,0.73
 Aalst ,41002,ja,Voldoende openbaar vervoer in de gemeente/buurt,2020,0.16,0.12,0.72
 Aalter ,44001,nee,Voldoende openbaar vervoer in de gemeente/buurt,2017,0.22,0.12,0.65
 Aalter ,44084,nee,Voldoende openbaar vervoer in de gemeente/buurt,2020,0.19,0.15,0.66
 Aarschot ,24001,nee,Voldoende openbaar vervoer in de gemeente/buurt,2017,0.28,0.15,0.58
 Aarschot ,24001,nee,Voldoende openbaar vervoer in de gemeente/buurt,2020,0.21,0.11,0.68
 Aartselaar ,11001,nee,Voldoende openbaar vervoer in de gemeente/buurt,2017,0.17,0.13,0.7
 Aartselaar ,11001,nee,Voldoende openbaar vervoer in de gemeente/buurt,2020,0.19,0.15,0.67
 Affligem ,23105,nee,Voldoende openbaar vervoer in de gemeente/buurt,2017,0.23,0.14,0.62
 Affligem ,23105,nee,Voldoende openbaar vervoer in de gemeente/buurt,2020,0.16,0.15,0.7
 Alken ,73001,nee,Voldoende openbaar vervoer in de gemeente/buurt,2017,0.31,0.13,0.57
 Alken ,73001,nee,Voldoende openbaar vervoer in de gemeente/buurt,2020,0.2,0.13,0.66
 Alveringem ,38002,nee,Voldoende openbaar vervoer in de gemeente/buurt,2017,0.58,0.16,0.26
 Alveringem ,38002,nee,Voldoende openbaar vervoer in de gemeente/buurt,2020,0.64,0.15,0.21
 Antwerpen ,11002,ja,Voldoende openbaar vervoer in de gemeente/buurt,2011,0.07,0.05,0.88
 Antwerpen ,11002,ja,Voldoende openbaar vervoer in de gemeente/buurt,2014,0.1,0.07,0.83
 Antwerpen ,11002,ja,Voldoende openbaar vervoer in de gemeente/buurt,2017,0.1,0.08,0.82
 Antwerpen ,11002,ja,Voldoende openbaar vervoer in de gemeente/buurt,2020,0.12,0.09,0.79
 Anzegem ,34002,nee,Voldoende openbaar vervoer in de gemeente/buurt,2017,0.34,0.15,0.51
 Anzegem ,34002,nee,Voldoende openbaar vervoer in de gemeente/buurt,2020,0.29,0.16,0.55
 Ardooie ,37020,nee,Voldoende openbaar vervoer in de gemeente/buurt,2017,0.27,0.2,0.53
 Ardooie ,37020,nee,Voldoende openbaar vervoer in de gemeente/buurt,2020,0.2,0.16,0.64
 Arendonk ,13001,nee,Voldoende openbaar vervoer in de gemeente/buurt,2017,0.26,0.18,0.56
 Arendonk ,13001,nee,Voldoende openbaar vervoer in de gemeente/buurt,2020,0.19,0.16,0.65
 As ,71002,nee,Voldoende openbaar vervoer in de gemeente/buurt,2017,0.26,0.16,0.58
 As ,71002,nee,Voldoende openbaar vervoer in de gemeente/buurt,2020,0.2,0.14,0.65
 Asse ,23002,nee,Voldoende openbaar vervoer in de gemeente/buurt,2017,0.18,0.11,0.71
 Asse ,23002,nee,Voldoende openbaar vervoer in de gemeente/buurt,2020,0.13,0.11,0.76
 Assenede ,43002,nee,Voldoende openbaar vervoer in de gemeente/buurt,2017,0.47,0.16,0.37
 Assenede ,43002,nee,Voldoende openbaar vervoer in de gemeente/buurt,2020,0.44,0.15,0.41
 Avelgem ,34003,nee,Voldoende openbaar vervoer in de gemeente/buurt,2017,0.31,0.16,0.53
 Avelgem ,34003,nee,Voldoende openbaar vervoer in de gemeente/buurt,2020,0.25,0.15,0.6
 Baarle-Hertog ,13002,nee,Voldoende openbaar vervoer in de gemeente/buurt,2017,0.38,0.21,0.41
 Baarle-Hertog ,13002,nee,Voldoende openbaar vervoer in de gemeente/buurt,2020,0.29,0.22,0.49
 Balen ,13003,nee,Voldoende openbaar vervoer in de gemeente/buurt,2017,0.44,0.17,0.4
 Balen ,13003,nee,Voldoende openbaar vervoer in de gemeente/buurt,2020,0.27,0.18,0.55
 Beernem ,31003,nee,Voldoende openbaar vervoer in de gemeente/buurt,2017,0.27,0.11,0.62
 Beernem ,31003,nee,Voldoende openbaar vervoer in de gemeente/buurt,2020,0.25,0.12,0.63
 Beerse ,13004,nee,Voldoende openbaar vervoer in de gemeente/buurt,2017,0.19,0.16,0.65
 Beerse ,13004,nee,Voldoende openbaar vervoer in de gemeente/buurt,2020,0.1,0.11,0.79
 Beersel ,23003,nee,Voldoende openbaar vervoer in de gemeente/buurt,2017,0.23,0.12,0.66
 Beersel ,23003,nee,Voldoende openbaar vervoer in de gemeente/buurt,2020,0.25,0.13,0.62
 Begijnendijk ,24007,nee,Voldoende openbaar vervoer in de gemeente/buurt,2017,0.49,0.16,0.35
 Begijnendijk ,24007,nee,Voldoende openbaar vervoer in de gemeente/buurt,2020,0.4,0.2,0.4
 Bekkevoort ,24008,nee,Voldoende openbaar vervoer in de gemeente/buurt,2017,0.37,0.12,0.5
 Bekkevoort ,24008,nee,Voldoende openbaar vervoer in de gemeente/buurt,2020,0.39,0.1,0.51
 Beringen ,71004,nee,Voldoende openbaar vervoer in de gemeente/buurt,2017,0.31,0.12,0.58
 Beringen ,71004,nee,Voldoende openbaar vervoer in de gemeente/buurt,2020,0.24,0.15,0.61
 Berlaar ,12002,nee,Voldoende openbaar vervoer in de gemeente/buurt,2017,0.27,0.14,0.59
 Berlaar ,12002,nee,Voldoende openbaar vervoer in de gemeente/buurt,2020,0.19,0.14,0.67
 Berlare ,42003,nee,Voldoende openbaar vervoer in de gemeente/buurt,2017,0.39,0.19,0.42
 Berlare ,42003,nee,Voldoende openbaar vervoer in de gemeente/buurt,2020,0.34,0.17,0.49
 Bertem ,24009,nee,Voldoende openbaar vervoer in de gemeente/buurt,2017,0.13,0.09,0.79
 Bertem ,24009,nee,Voldoende openbaar vervoer in de gemeente/buurt,2020,0.1,0.11,0.8
 Bever ,23009,nee,Voldoende openbaar vervoer in de gemeente/buurt,2017,0.52,0.19,0.29
 Bever ,23009,nee,Voldoende openbaar vervoer in de gemeente/buurt,2020,0.51,0.13,0.36
 Beveren ,46003,nee,Voldoende openbaar vervoer in de gemeente/buurt,2017,0.27,0.12,0.61
 Beveren ,46003,nee,Voldoende openbaar vervoer in de gemeente/buurt,2020,0.24,0.12,0.64
 Bierbeek ,24011,nee,Voldoende openbaar vervoer in de gemeente/buurt,2017,0.25,0.1,0.65
 Bierbeek ,24011,nee,Voldoende openbaar vervoer in de gemeente/buurt,2020,0.18,0.09,0.73
 Bilzen ,73006,nee,Voldoende openbaar vervoer in de gemeente/buurt,2017,0.24,0.15,0.61
 Bilzen ,73006,nee,Voldoende openbaar vervoer in de gemeente/buurt,2020,0.27,0.14,0.59
 Blankenberge ,31004,nee,Voldoende openbaar vervoer in de gemeente/buurt,2017,0.1,0.13,0.77
 Blankenberge ,31004,nee,Voldoende openbaar vervoer in de gemeente/buurt,2020,0.09,0.06,0.86
 Bocholt ,72003,nee,Voldoende openbaar vervoer in de gemeente/buurt,2017,0.5,0.17,0.32
 Bocholt ,72003,nee,Voldoende openbaar vervoer in de gemeente/buurt,2020,0.55,0.17,0.29
 Boechout ,11004,nee,Voldoende openbaar vervoer in de gemeente/buurt,2017,0.12,0.07,0.81
 Boechout ,11004,nee,Voldoende openbaar vervoer in de gemeente/buurt,2020,0.11,0.09,0.81
 Bonheiden ,12005,nee,Voldoende openbaar vervoer in de gemeente/buurt,2017,0.35,0.12,0.53
 Bonheiden ,12005,nee,Voldoende openbaar vervoer in de gemeente/buurt,2020,0.29,0.12,0.59
 Boom ,11005,nee,Voldoende openbaar vervoer in de gemeente/buurt,2017,0.12,0.11,0.78
 Boom ,11005,nee,Voldoende openbaar vervoer in de gemeente/buurt,2020,0.11,0.08,0.81
 Boortmeerbeek ,24014,nee,Voldoende openbaar vervoer in de gemeente/buurt,2017,0.16,0.1,0.74
 Boortmeerbeek ,24014,nee,Voldoende openbaar vervoer in de gemeente/buurt,2020,0.16,0.1,0.74
 Borgloon ,73009,nee,Voldoende openbaar vervoer in de gemeente/buurt,2017,0.34,0.13,0.53
 Borgloon ,73009,nee,Voldoende openbaar vervoer in de gemeente/buurt,2020,0.3,0.17,0.52
 Bornem ,12007,nee,Voldoende openbaar vervoer in de gemeente/buurt,2017,0.35,0.16,0.49
 Bornem ,12007,nee,Voldoende openbaar vervoer in de gemeente/buurt,2020,0.25,0.16,0.59
 Borsbeek ,11007,nee,Voldoende openbaar vervoer in de gemeente/buurt,2017,0.11,0.07,0.82
 Borsbeek ,11007,nee,Voldoende openbaar vervoer in de gemeente/buurt,2020,0.1,0.06,0.84
 Boutersem ,24016,nee,Voldoende openbaar vervoer in de gemeente/buurt,2017,0.36,0.1,0.53
 Boutersem ,24016,nee,Voldoende openbaar vervoer in de gemeente/buurt,2020,0.29,0.12,0.6
 Brakel ,45059,nee,Voldoende openbaar vervoer in de gemeente/buurt,2017,0.4,0.14,0.46
 Brakel ,45059,nee,Voldoende openbaar vervoer in de gemeente/buurt,2020,0.31,0.2,0.49
 Brasschaat ,11008,nee,Voldoende openbaar vervoer in de gemeente/buurt,2017,0.13,0.15,0.73
 Brasschaat ,11008,nee,Voldoende openbaar vervoer in de gemeente/buurt,2020,0.12,0.12,0.76
 Brecht ,11009,nee,Voldoende openbaar vervoer in de gemeente/buurt,2017,0.27,0.14,0.59
 Brecht ,11009,nee,Voldoende openbaar vervoer in de gemeente/buurt,2020,0.18,0.11,0.71
 Bredene ,35002,nee,Voldoende openbaar vervoer in de gemeente/buurt,2017,0.11,0.1,0.79
 Bredene ,35002,nee,Voldoende openbaar vervoer in de gemeente/buurt,2020,0.08,0.06,0.87
 Bree ,72004,nee,Voldoende openbaar vervoer in de gemeente/buurt,2017,0.49,0.11,0.4
 Bree ,72004,nee,Voldoende openbaar vervoer in de gemeente/buurt,2020,0.42,0.13,0.45
 Brugge ,31005,ja,Voldoende openbaar vervoer in de gemeente/buurt,2011,0.08,0.05,0.86
 Brugge ,31005,ja,Voldoende openbaar vervoer in de gemeente/buurt,2014,0.08,0.08,0.84
 Brugge ,31005,ja,Voldoende openbaar vervoer in de gemeente/buurt,2017,0.1,0.08,0.83
 Brugge ,31005,ja,Voldoende openbaar vervoer in de gemeente/buurt,2020,0.1,0.08,0.82
 Buggenhout ,42004,nee,Voldoende openbaar vervoer in de gemeente/buurt,2017,0.29,0.14,0.56
 Buggenhout ,42004,nee,Voldoende openbaar vervoer in de gemeente/buurt,2020,0.19,0.14,0.67
 Damme ,31006,nee,Voldoende openbaar vervoer in de gemeente/buurt,2017,0.49,0.16,0.35
 Damme ,31006,nee,Voldoende openbaar vervoer in de gemeente/buurt,2020,0.48,0.19,0.33
 De Haan ,35029,nee,Voldoende openbaar vervoer in de gemeente/buurt,2017,0.28,0.1,0.61
 De Haan ,35029,nee,Voldoende openbaar vervoer in de gemeente/buurt,2020,0.23,0.12,0.65
 De Panne ,38008,nee,Voldoende openbaar vervoer in de gemeente/buurt,2017,0.23,0.11,0.66
 De Panne ,38008,nee,Voldoende openbaar vervoer in de gemeente/buurt,2020,0.13,0.08,0.79
 De Pinte ,44012,nee,Voldoende openbaar vervoer in de gemeente/buurt,2017,0.11,0.1,0.78
 De Pinte ,44012,nee,Voldoende openbaar vervoer in de gemeente/buurt,2020,0.08,0.08,0.85
 Deerlijk ,34009,nee,Voldoende openbaar vervoer in de gemeente/buurt,2017,0.34,0.19,0.48
 Deerlijk ,34009,nee,Voldoende openbaar vervoer in de gemeente/buurt,2020,0.31,0.19,0.51
 Deinze ,44011,nee,Voldoende openbaar vervoer in de gemeente/buurt,2017,0.26,0.17,0.56
 Deinze ,44083,nee,Voldoende openbaar vervoer in de gemeente/buurt,2020,0.22,0.11,0.67
 Denderleeuw ,41011,nee,Voldoende openbaar vervoer in de gemeente/buurt,2017,0.14,0.1,0.76
 Denderleeuw ,41011,nee,Voldoende openbaar vervoer in de gemeente/buurt,2020,0.11,0.08,0.81
 Dendermonde ,42006,nee,Voldoende openbaar vervoer in de gemeente/buurt,2017,0.22,0.13,0.66
 Dendermonde ,42006,nee,Voldoende openbaar vervoer in de gemeente/buurt,2020,0.16,0.13,0.71
 Dentergem ,37002,nee,Voldoende openbaar vervoer in de gemeente/buurt,2017,0.64,0.14,0.22
 Dentergem ,37002,nee,Voldoende openbaar vervoer in de gemeente/buurt,2020,0.61,0.16,0.23
 Dessel ,13006,nee,Voldoende openbaar vervoer in de gemeente/buurt,2017,0.41,0.16,0.43
 Dessel ,13006,nee,Voldoende openbaar vervoer in de gemeente/buurt,2020,0.32,0.15,0.52
 Destelbergen ,44013,nee,Voldoende openbaar vervoer in de gemeente/buurt,2017,0.39,0.15,0.46
 Destelbergen ,44013,nee,Voldoende openbaar vervoer in de gemeente/buurt,2020,0.36,0.17,0.47
 Diepenbeek ,71011,nee,Voldoende openbaar vervoer in de gemeente/buurt,2017,0.25,0.11,0.64
 Diepenbeek ,71011,nee,Voldoende openbaar vervoer in de gemeente/buurt,2020,0.15,0.12,0.73
 Diest ,24020,nee,Voldoende openbaar vervoer in de gemeente/buurt,2017,0.29,0.13,0.58
 Diest ,24020,nee,Voldoende openbaar vervoer in de gemeente/buurt,2020,0.17,0.13,0.7
 Diksmuide ,32003,nee,Voldoende openbaar vervoer in de gemeente/buurt,2017,0.32,0.16,0.52
 Diksmuide ,32003,nee,Voldoende openbaar vervoer in de gemeente/buurt,2020,0.25,0.14,0.61
 Dilbeek ,23016,nee,Voldoende openbaar vervoer in de gemeente/buurt,2017,0.19,0.16,0.65
 Dilbeek ,23016,nee,Voldoende openbaar vervoer in de gemeente/buurt,2020,0.19,0.12,0.69
 Dilsen-Stokkem ,72041,nee,Voldoende openbaar vervoer in de gemeente/buurt,2017,0.45,0.11,0.43
 Dilsen-Stokkem ,72041,nee,Voldoende openbaar vervoer in de gemeente/buurt,2020,0.45,0.17,0.38
 Drogenbos ,23098,nee,Voldoende openbaar vervoer in de gemeente/buurt,2017,0.09,0.13,0.78
 Drogenbos ,23098,nee,Voldoende openbaar vervoer in de gemeente/buurt,2020,0.12,0.11,0.78
 Duffel ,12009,nee,Voldoende openbaar vervoer in de gemeente/buurt,2017,0.23,0.12,0.65
 Duffel ,12009,nee,Voldoende openbaar vervoer in de gemeente/buurt,2020,0.16,0.13,0.72
 Edegem ,11013,nee,Voldoende openbaar vervoer in de gemeente/buurt,2017,0.13,0.08,0.8
 Edegem ,11013,nee,Voldoende openbaar vervoer in de gemeente/buurt,2020,0.08,0.08,0.84
 Eeklo ,43005,nee,Voldoende openbaar vervoer in de gemeente/buurt,2017,0.25,0.12,0.62
 Eeklo ,43005,nee,Voldoende openbaar vervoer in de gemeente/buurt,2020,0.14,0.1,0.76
 Erpe-Mere ,41082,nee,Voldoende openbaar vervoer in de gemeente/buurt,2017,0.27,0.11,0.62
 Erpe-Mere ,41082,nee,Voldoende openbaar vervoer in de gemeente/buurt,2020,0.21,0.16,0.63
 Essen ,11016,nee,Voldoende openbaar vervoer in de gemeente/buurt,2017,0.36,0.12,0.52
 Essen ,11016,nee,Voldoende openbaar vervoer in de gemeente/buurt,2020,0.26,0.14,0.6
 Evergem ,44019,nee,Voldoende openbaar vervoer in de gemeente/buurt,2017,0.24,0.13,0.62
 Evergem ,44019,nee,Voldoende openbaar vervoer in de gemeente/buurt,2020,0.15,0.15,0.71
 Galmaarden ,23023,nee,Voldoende openbaar vervoer in de gemeente/buurt,2017,0.31,0.15,0.53
 Galmaarden ,23023,nee,Voldoende openbaar vervoer in de gemeente/buurt,2020,0.3,0.12,0.58
 Gavere ,44020,nee,Voldoende openbaar vervoer in de gemeente/buurt,2017,0.28,0.17,0.56
 Gavere ,44020,nee,Voldoende openbaar vervoer in de gemeente/buurt,2020,0.19,0.14,0.67
 Geel ,13008,nee,Voldoende openbaar vervoer in de gemeente/buurt,2017,0.26,0.13,0.61
 Geel ,13008,nee,Voldoende openbaar vervoer in de gemeente/buurt,2020,0.19,0.12,0.69
 Geetbets ,24028,nee,Voldoende openbaar vervoer in de gemeente/buurt,2017,0.51,0.15,0.35
 Geetbets ,24028,nee,Voldoende openbaar vervoer in de gemeente/buurt,2020,0.52,0.17,0.31
 Genk ,71016,ja,Voldoende openbaar vervoer in de gemeente/buurt,2011,0.1,0.07,0.83
 Genk ,71016,ja,Voldoende openbaar vervoer in de gemeente/buurt,2014,0.11,0.08,0.81
 Genk ,71016,ja,Voldoende openbaar vervoer in de gemeente/buurt,2017,0.1,0.09,0.81
 Genk ,71016,ja,Voldoende openbaar vervoer in de gemeente/buurt,2020,0.13,0.13,0.74
 Gent ,44021,ja,Voldoende openbaar vervoer in de gemeente/buurt,2011,0.09,0.05,0.86
 Gent ,44021,ja,Voldoende openbaar vervoer in de gemeente/buurt,2014,0.08,0.06,0.86
 Gent ,44021,ja,Voldoende openbaar vervoer in de gemeente/buurt,2017,0.11,0.07,0.83
 Gent ,44021,ja,Voldoende openbaar vervoer in de gemeente/buurt,2020,0.12,0.07,0.81
 Geraardsbergen ,41018,nee,Voldoende openbaar vervoer in de gemeente/buurt,2017,0.3,0.14,0.56
 Geraardsbergen ,41018,nee,Voldoende openbaar vervoer in de gemeente/buurt,2020,0.2,0.14,0.66
 Gingelom ,71017,nee,Voldoende openbaar vervoer in de gemeente/buurt,2017,0.46,0.13,0.41
 Gingelom ,71017,nee,Voldoende openbaar vervoer in de gemeente/buurt,2020,0.47,0.17,0.36
 Gistel ,35005,nee,Voldoende openbaar vervoer in de gemeente/buurt,2017,0.26,0.15,0.59
 Gistel ,35005,nee,Voldoende openbaar vervoer in de gemeente/buurt,2020,0.25,0.11,0.64
 Glabbeek ,24137,nee,Voldoende openbaar vervoer in de gemeente/buurt,2017,0.53,0.17,0.3
 Glabbeek ,24137,nee,Voldoende openbaar vervoer in de gemeente/buurt,2020,0.39,0.18,0.43
 Gooik ,23024,nee,Voldoende openbaar vervoer in de gemeente/buurt,2017,0.32,0.14,0.54
 Gooik ,23024,nee,Voldoende openbaar vervoer in de gemeente/buurt,2020,0.28,0.16,0.56
 Grimbergen ,23025,nee,Voldoende openbaar vervoer in de gemeente/buurt,2017,0.28,0.16,0.57
 Grimbergen ,23025,nee,Voldoende openbaar vervoer in de gemeente/buurt,2020,0.26,0.13,0.62
 Grobbendonk ,13010,nee,Voldoende openbaar vervoer in de gemeente/buurt,2017,0.21,0.09,0.69
 Grobbendonk ,13010,nee,Voldoende openbaar vervoer in de gemeente/buurt,2020,0.11,0.13,0.76
 Haacht ,24033,nee,Voldoende openbaar vervoer in de gemeente/buurt,2017,0.26,0.11,0.63
 Haacht ,24033,nee,Voldoende openbaar vervoer in de gemeente/buurt,2020,0.18,0.12,0.7
 Haaltert ,41024,nee,Voldoende openbaar vervoer in de gemeente/buurt,2017,0.34,0.12,0.54
 Haaltert ,41024,nee,Voldoende openbaar vervoer in de gemeente/buurt,2020,0.26,0.17,0.57
 Halen ,71020,nee,Voldoende openbaar vervoer in de gemeente/buurt,2017,0.35,0.16,0.49
 Halen ,71020,nee,Voldoende openbaar vervoer in de gemeente/buurt,2020,0.29,0.18,0.53
 Halle ,23027,nee,Voldoende openbaar vervoer in de gemeente/buurt,2017,0.13,0.09,0.77
 Halle ,23027,nee,Voldoende openbaar vervoer in de gemeente/buurt,2020,0.13,0.11,0.77
 Ham ,71069,nee,Voldoende openbaar vervoer in de gemeente/buurt,2017,0.38,0.15,0.48
 Ham ,71069,nee,Voldoende openbaar vervoer in de gemeente/buurt,2020,0.24,0.16,0.59
 Hamme ,42008,nee,Voldoende openbaar vervoer in de gemeente/buurt,2017,0.36,0.13,0.51
 Hamme ,42008,nee,Voldoende openbaar vervoer in de gemeente/buurt,2020,0.32,0.17,0.51
 Hamont-Achel ,72037,nee,Voldoende openbaar vervoer in de gemeente/buurt,2017,0.31,0.17,0.53
 Hamont-Achel ,72037,nee,Voldoende openbaar vervoer in de gemeente/buurt,2020,0.29,0.16,0.56
 Harelbeke ,34013,nee,Voldoende openbaar vervoer in de gemeente/buurt,2017,0.25,0.19,0.56
 Harelbeke ,34013,nee,Voldoende openbaar vervoer in de gemeente/buurt,2020,0.15,0.09,0.76
 Hasselt ,71022,ja,Voldoende openbaar vervoer in de gemeente/buurt,2011,0.08,0.05,0.87
 Hasselt ,71022,ja,Voldoende openbaar vervoer in de gemeente/buurt,2014,0.13,0.07,0.8
 Hasselt ,71022,ja,Voldoende openbaar vervoer in de gemeente/buurt,2017,0.12,0.08,0.8
 Hasselt ,71022,ja,Voldoende openbaar vervoer in de gemeente/buurt,2020,0.17,0.12,0.71
 Hechtel-Eksel,72038,nee,Voldoende openbaar vervoer in de gemeente/buurt,2017,0.35,0.16,0.49
 Hechtel-Eksel,72038,nee,Voldoende openbaar vervoer in de gemeente/buurt,2020,0.26,0.17,0.57
 Heers ,73022,nee,Voldoende openbaar vervoer in de gemeente/buurt,2017,0.67,0.13,0.2
 Heers ,73022,nee,Voldoende openbaar vervoer in de gemeente/buurt,2020,0.62,0.15,0.23
 Heist-Op-Den-Berg ,12014,nee,Voldoende openbaar vervoer in de gemeente/buurt,2017,0.38,0.16,0.46
 Heist-Op-Den-Berg ,12014,nee,Voldoende openbaar vervoer in de gemeente/buurt,2020,0.33,0.14,0.53
 Hemiksem ,11018,nee,Voldoende openbaar vervoer in de gemeente/buurt,2017,0.14,0.09,0.77
 Hemiksem ,11018,nee,Voldoende openbaar vervoer in de gemeente/buurt,2020,0.12,0.09,0.79
 Herent ,24038,nee,Voldoende openbaar vervoer in de gemeente/buurt,2017,0.14,0.07,0.79
 Herent ,24038,nee,Voldoende openbaar vervoer in de gemeente/buurt,2020,0.11,0.06,0.82
 Herentals ,13011,nee,Voldoende openbaar vervoer in de gemeente/buurt,2017,0.27,0.14,0.59
 Herentals ,13011,nee,Voldoende openbaar vervoer in de gemeente/buurt,2020,0.16,0.11,0.73
 Herenthout ,13012,nee,Voldoende openbaar vervoer in de gemeente/buurt,2017,0.44,0.2,0.37
 Herenthout ,13012,nee,Voldoende openbaar vervoer in de gemeente/buurt,2020,0.36,0.22,0.42
 Herk-De-Stad ,71024,nee,Voldoende openbaar vervoer in de gemeente/buurt,2017,0.34,0.17,0.48
 Herk-De-Stad ,71024,nee,Voldoende openbaar vervoer in de gemeente/buurt,2020,0.3,0.13,0.57
 Herne ,23032,nee,Voldoende openbaar vervoer in de gemeente/buurt,2017,0.43,0.16,0.41
 Herne ,23032,nee,Voldoende openbaar vervoer in de gemeente/buurt,2020,0.28,0.17,0.55
 Herselt ,13013,nee,Voldoende openbaar vervoer in de gemeente/buurt,2017,0.44,0.14,0.43
 Herselt ,13013,nee,Voldoende openbaar vervoer in de gemeente/buurt,2020,0.35,0.15,0.5
 Herzele ,41027,nee,Voldoende openbaar vervoer in de gemeente/buurt,2017,0.31,0.12,0.57
 Herzele ,41027,nee,Voldoende openbaar vervoer in de gemeente/buurt,2020,0.27,0.13,0.6
 Heusden-Zolder ,71070,nee,Voldoende openbaar vervoer in de gemeente/buurt,2017,0.22,0.13,0.65
 Heusden-Zolder ,71070,nee,Voldoende openbaar vervoer in de gemeente/buurt,2020,0.15,0.15,0.7
 Heuvelland ,33039,nee,Voldoende openbaar vervoer in de gemeente/buurt,2017,0.63,0.15,0.22
 Heuvelland ,33039,nee,Voldoende openbaar vervoer in de gemeente/buurt,2020,0.5,0.2,0.3
 Hoegaarden ,24041,nee,Voldoende openbaar vervoer in de gemeente/buurt,2017,0.46,0.11,0.43
 Hoegaarden ,24041,nee,Voldoende openbaar vervoer in de gemeente/buurt,2020,0.49,0.17,0.34
 Hoeilaart ,23033,nee,Voldoende openbaar vervoer in de gemeente/buurt,2017,0.23,0.12,0.65
 Hoeilaart ,23033,nee,Voldoende openbaar vervoer in de gemeente/buurt,2020,0.16,0.15,0.69
 Hoeselt ,73032,nee,Voldoende openbaar vervoer in de gemeente/buurt,2017,0.49,0.15,0.37
 Hoeselt ,73032,nee,Voldoende openbaar vervoer in de gemeente/buurt,2020,0.39,0.18,0.43
 Holsbeek ,24043,nee,Voldoende openbaar vervoer in de gemeente/buurt,2017,0.34,0.14,0.53
 Holsbeek ,24043,nee,Voldoende openbaar vervoer in de gemeente/buurt,2020,0.35,0.18,0.48
 Hooglede ,36006,nee,Voldoende openbaar vervoer in de gemeente/buurt,2017,0.37,0.21,0.42
 Hooglede ,36006,nee,Voldoende openbaar vervoer in de gemeente/buurt,2020,0.32,0.22,0.47
 Hoogstraten ,13014,nee,Voldoende openbaar vervoer in de gemeente/buurt,2017,0.34,0.18,0.48
 Hoogstraten ,13014,nee,Voldoende openbaar vervoer in de gemeente/buurt,2020,0.23,0.14,0.62
 Horebeke ,45062,nee,Voldoende openbaar vervoer in de gemeente/buurt,2017,0.44,0.18,0.38
 Horebeke ,45062,nee,Voldoende openbaar vervoer in de gemeente/buurt,2020,0.42,0.15,0.43
 Houthalen-Helchteren ,72039,nee,Voldoende openbaar vervoer in de gemeente/buurt,2017,0.27,0.12,0.61
 Houthalen-Helchteren ,72039,nee,Voldoende openbaar vervoer in de gemeente/buurt,2020,0.25,0.17,0.58
 Houthulst ,32006,nee,Voldoende openbaar vervoer in de gemeente/buurt,2017,0.31,0.17,0.52
 Houthulst ,32006,nee,Voldoende openbaar vervoer in de gemeente/buurt,2020,0.35,0.15,0.5
 Hove ,11021,nee,Voldoende openbaar vervoer in de gemeente/buurt,2017,0.12,0.09,0.79
 Hove ,11021,nee,Voldoende openbaar vervoer in de gemeente/buurt,2020,0.09,0.12,0.8
 Huldenberg ,24045,nee,Voldoende openbaar vervoer in de gemeente/buurt,2017,0.25,0.18,0.58
 Huldenberg ,24045,nee,Voldoende openbaar vervoer in de gemeente/buurt,2020,0.28,0.13,0.59
 Hulshout ,13016,nee,Voldoende openbaar vervoer in de gemeente/buurt,2017,0.51,0.19,0.3
 Hulshout ,13016,nee,Voldoende openbaar vervoer in de gemeente/buurt,2020,0.45,0.19,0.35
 Ichtegem ,35006,nee,Voldoende openbaar vervoer in de gemeente/buurt,2017,0.3,0.15,0.54
 Ichtegem ,35006,nee,Voldoende openbaar vervoer in de gemeente/buurt,2020,0.3,0.19,0.51
 Ieper ,33011,nee,Voldoende openbaar vervoer in de gemeente/buurt,2017,0.26,0.11,0.63
 Ieper ,33011,nee,Voldoende openbaar vervoer in de gemeente/buurt,2020,0.24,0.14,0.62
 Ingelmunster ,36007,nee,Voldoende openbaar vervoer in de gemeente/buurt,2017,0.2,0.12,0.69
 Ingelmunster ,36007,nee,Voldoende openbaar vervoer in de gemeente/buurt,2020,0.12,0.09,0.78
 Izegem ,36008,nee,Voldoende openbaar vervoer in de gemeente/buurt,2017,0.22,0.12,0.66
 Izegem ,36008,nee,Voldoende openbaar vervoer in de gemeente/buurt,2020,0.17,0.14,0.69
 Jabbeke ,31012,nee,Voldoende openbaar vervoer in de gemeente/buurt,2017,0.27,0.13,0.6
 Jabbeke ,31012,nee,Voldoende openbaar vervoer in de gemeente/buurt,2020,0.24,0.15,0.61
 Kalmthout ,11022,nee,Voldoende openbaar vervoer in de gemeente/buurt,2017,0.23,0.13,0.64
 Kalmthout ,11022,nee,Voldoende openbaar vervoer in de gemeente/buurt,2020,0.15,0.08,0.76
 Kampenhout ,23038,nee,Voldoende openbaar vervoer in de gemeente/buurt,2017,0.33,0.11,0.56
 Kampenhout ,23038,nee,Voldoende openbaar vervoer in de gemeente/buurt,2020,0.32,0.18,0.5
 Kapellen ,11023,nee,Voldoende openbaar vervoer in de gemeente/buurt,2017,0.18,0.11,0.71
 Kapellen ,11023,nee,Voldoende openbaar vervoer in de gemeente/buurt,2020,0.13,0.09,0.79
 Kapelle-Op-Den-Bos ,23039,nee,Voldoende openbaar vervoer in de gemeente/buurt,2017,0.2,0.11,0.69
 Kapelle-Op-Den-Bos ,23039,nee,Voldoende openbaar vervoer in de gemeente/buurt,2020,0.17,0.13,0.7
 Kaprijke ,43007,nee,Voldoende openbaar vervoer in de gemeente/buurt,2017,0.42,0.19,0.38
 Kaprijke ,43007,nee,Voldoende openbaar vervoer in de gemeente/buurt,2020,0.38,0.2,0.42
 Kasterlee ,13017,nee,Voldoende openbaar vervoer in de gemeente/buurt,2017,0.27,0.19,0.54
 Kasterlee ,13017,nee,Voldoende openbaar vervoer in de gemeente/buurt,2020,0.2,0.15,0.65
 Keerbergen ,24048,nee,Voldoende openbaar vervoer in de gemeente/buurt,2017,0.42,0.15,0.43
 Keerbergen ,24048,nee,Voldoende openbaar vervoer in de gemeente/buurt,2020,0.32,0.2,0.48
 Kinrooi ,72018,nee,Voldoende openbaar vervoer in de gemeente/buurt,2017,0.71,0.12,0.17
 Kinrooi ,72018,nee,Voldoende openbaar vervoer in de gemeente/buurt,2020,0.7,0.13,0.18
 Kluisbergen ,45060,nee,Voldoende openbaar vervoer in de gemeente/buurt,2017,0.34,0.23,0.43
 Kluisbergen ,45060,nee,Voldoende openbaar vervoer in de gemeente/buurt,2020,0.29,0.17,0.54
 Knesselare ,44029,nee,Voldoende openbaar vervoer in de gemeente/buurt,2017,0.47,0.15,0.38
 Knokke-Heist ,31043,nee,Voldoende openbaar vervoer in de gemeente/buurt,2017,0.14,0.12,0.74
 Knokke-Heist ,31043,nee,Voldoende openbaar vervoer in de gemeente/buurt,2020,0.06,0.09,0.85
 Koekelare ,32010,nee,Voldoende openbaar vervoer in de gemeente/buurt,2017,0.66,0.15,0.19
 Koekelare ,32010,nee,Voldoende openbaar vervoer in de gemeente/buurt,2020,0.64,0.16,0.2
 Koksijde ,38014,nee,Voldoende openbaar vervoer in de gemeente/buurt,2017,0.15,0.13,0.72
 Koksijde ,38014,nee,Voldoende openbaar vervoer in de gemeente/buurt,2020,0.12,0.11,0.77
 Kontich ,11024,nee,Voldoende openbaar vervoer in de gemeente/buurt,2017,0.24,0.1,0.66
 Kontich ,11024,nee,Voldoende openbaar vervoer in de gemeente/buurt,2020,0.14,0.09,0.77
 Kortemark ,32011,nee,Voldoende openbaar vervoer in de gemeente/buurt,2017,0.38,0.16,0.46
 Kortemark ,32011,nee,Voldoende openbaar vervoer in de gemeente/buurt,2020,0.25,0.14,0.61
 Kortenaken ,24054,nee,Voldoende openbaar vervoer in de gemeente/buurt,2017,0.62,0.13,0.24
 Kortenaken ,24054,nee,Voldoende openbaar vervoer in de gemeente/buurt,2020,0.6,0.14,0.26
 Kortenberg ,24055,nee,Voldoende openbaar vervoer in de gemeente/buurt,2017,0.11,0.08,0.82
 Kortenberg ,24055,nee,Voldoende openbaar vervoer in de gemeente/buurt,2020,0.09,0.11,0.8
 Kortessem ,73040,nee,Voldoende openbaar vervoer in de gemeente/buurt,2017,0.4,0.16,0.44
 Kortessem ,73040,nee,Voldoende openbaar vervoer in de gemeente/buurt,2020,0.45,0.13,0.42
 Kortrijk ,34022,ja,Voldoende openbaar vervoer in de gemeente/buurt,2011,0.11,0.1,0.79
 Kortrijk ,34022,ja,Voldoende openbaar vervoer in de gemeente/buurt,2014,0.15,0.11,0.74
 Kortrijk ,34022,ja,Voldoende openbaar vervoer in de gemeente/buurt,2017,0.16,0.12,0.72
 Kortrijk ,34022,ja,Voldoende openbaar vervoer in de gemeente/buurt,2020,0.16,0.15,0.69
 Kraainem ,23099,nee,Voldoende openbaar vervoer in de gemeente/buurt,2017,0.14,0.11,0.75
 Kraainem ,23099,nee,Voldoende openbaar vervoer in de gemeente/buurt,2020,0.16,0.09,0.75
 Kruibeke ,46013,nee,Voldoende openbaar vervoer in de gemeente/buurt,2017,0.26,0.13,0.61
 Kruibeke ,46013,nee,Voldoende openbaar vervoer in de gemeente/buurt,2020,0.18,0.12,0.69
 Kruisem ,45068,nee,Voldoende openbaar vervoer in de gemeente/buurt,2020,0.34,0.18,0.48
 Kruishoutem ,45017,nee,Voldoende openbaar vervoer in de gemeente/buurt,2017,0.44,0.19,0.36
 Kuurne ,34023,nee,Voldoende openbaar vervoer in de gemeente/buurt,2017,0.12,0.1,0.77
 Kuurne ,34023,nee,Voldoende openbaar vervoer in de gemeente/buurt,2020,0.09,0.09,0.82
 Laakdal ,13053,nee,Voldoende openbaar vervoer in de gemeente/buurt,2017,0.41,0.16,0.43
 Laakdal ,13053,nee,Voldoende openbaar vervoer in de gemeente/buurt,2020,0.35,0.15,0.49
 Laarne ,42010,nee,Voldoende openbaar vervoer in de gemeente/buurt,2017,0.47,0.16,0.37
 Laarne ,42010,nee,Voldoende openbaar vervoer in de gemeente/buurt,2020,0.43,0.18,0.39
 Lanaken ,73042,nee,Voldoende openbaar vervoer in de gemeente/buurt,2017,0.37,0.17,0.46
 Lanaken ,73042,nee,Voldoende openbaar vervoer in de gemeente/buurt,2020,0.31,0.18,0.52
 Landen ,24059,nee,Voldoende openbaar vervoer in de gemeente/buurt,2017,0.22,0.11,0.67
 Landen ,24059,nee,Voldoende openbaar vervoer in de gemeente/buurt,2020,0.18,0.1,0.72
 Langemark-Poelkapelle ,33040,nee,Voldoende openbaar vervoer in de gemeente/buurt,2017,0.27,0.15,0.58
 Langemark-Poelkapelle ,33040,nee,Voldoende openbaar vervoer in de gemeente/buurt,2020,0.25,0.16,0.59
 Lebbeke ,42011,nee,Voldoende openbaar vervoer in de gemeente/buurt,2017,0.3,0.15,0.55
 Lebbeke ,42011,nee,Voldoende openbaar vervoer in de gemeente/buurt,2020,0.24,0.15,0.6
 Lede ,41034,nee,Voldoende openbaar vervoer in de gemeente/buurt,2017,0.17,0.14,0.69
 Lede ,41034,nee,Voldoende openbaar vervoer in de gemeente/buurt,2020,0.13,0.14,0.72
 Ledegem ,36010,nee,Voldoende openbaar vervoer in de gemeente/buurt,2017,0.37,0.17,0.45
 Ledegem ,36010,nee,Voldoende openbaar vervoer in de gemeente/buurt,2020,0.37,0.17,0.46
 Lendelede ,34025,nee,Voldoende openbaar vervoer in de gemeente/buurt,2017,0.32,0.17,0.51
 Lendelede ,34025,nee,Voldoende openbaar vervoer in de gemeente/buurt,2020,0.19,0.22,0.59
 Lennik ,23104,nee,Voldoende openbaar vervoer in de gemeente/buurt,2017,0.35,0.18,0.47
 Lennik ,23104,nee,Voldoende openbaar vervoer in de gemeente/buurt,2020,0.36,0.17,0.47
 Leopoldsburg ,71034,nee,Voldoende openbaar vervoer in de gemeente/buurt,2017,0.27,0.16,0.57
 Leopoldsburg ,71034,nee,Voldoende openbaar vervoer in de gemeente/buurt,2020,0.16,0.14,0.7
 Leuven ,24062,ja,Voldoende openbaar vervoer in de gemeente/buurt,2011,0.07,0.05,0.88
 Leuven ,24062,ja,Voldoende openbaar vervoer in de gemeente/buurt,2014,0.07,0.05,0.88
 Leuven ,24062,ja,Voldoende openbaar vervoer in de gemeente/buurt,2017,0.07,0.07,0.86
 Leuven ,24062,ja,Voldoende openbaar vervoer in de gemeente/buurt,2020,0.07,0.06,0.87
 Lichtervelde ,36011,nee,Voldoende openbaar vervoer in de gemeente/buurt,2017,0.16,0.11,0.72
 Lichtervelde ,36011,nee,Voldoende openbaar vervoer in de gemeente/buurt,2020,0.05,0.08,0.88
 Liedekerke ,23044,nee,Voldoende openbaar vervoer in de gemeente/buurt,2017,0.14,0.09,0.77
 Liedekerke ,23044,nee,Voldoende openbaar vervoer in de gemeente/buurt,2020,0.11,0.1,0.8
 Lier ,12021,nee,Voldoende openbaar vervoer in de gemeente/buurt,2017,0.15,0.1,0.74
 Lier ,12021,nee,Voldoende openbaar vervoer in de gemeente/buurt,2020,0.08,0.09,0.82
 Lierde ,45063,nee,Voldoende openbaar vervoer in de gemeente/buurt,2017,0.29,0.15,0.56
 Lierde ,45063,nee,Voldoende openbaar vervoer in de gemeente/buurt,2020,0.31,0.14,0.56
 Lievegem ,44085,nee,Voldoende openbaar vervoer in de gemeente/buurt,2020,0.26,0.1,0.63
 Lille ,13019,nee,Voldoende openbaar vervoer in de gemeente/buurt,2017,0.26,0.17,0.57
 Lille ,13019,nee,Voldoende openbaar vervoer in de gemeente/buurt,2020,0.22,0.17,0.61
 Linkebeek ,23100,nee,Voldoende openbaar vervoer in de gemeente/buurt,2017,0.23,0.15,0.62
 Linkebeek ,23100,nee,Voldoende openbaar vervoer in de gemeente/buurt,2020,0.15,0.14,0.71
 Lint ,11025,nee,Voldoende openbaar vervoer in de gemeente/buurt,2017,0.16,0.15,0.69
 Lint ,11025,nee,Voldoende openbaar vervoer in de gemeente/buurt,2020,0.11,0.13,0.75
 Linter ,24133,nee,Voldoende openbaar vervoer in de gemeente/buurt,2017,0.41,0.1,0.49
 Linter ,24133,nee,Voldoende openbaar vervoer in de gemeente/buurt,2020,0.37,0.15,0.49
 Lochristi ,44034,nee,Voldoende openbaar vervoer in de gemeente/buurt,2017,0.25,0.16,0.59
 Lochristi ,44034,nee,Voldoende openbaar vervoer in de gemeente/buurt,2020,0.18,0.18,0.64
 Lokeren ,46014,nee,Voldoende openbaar vervoer in de gemeente/buurt,2017,0.32,0.16,0.52
 Lokeren ,46014,nee,Voldoende openbaar vervoer in de gemeente/buurt,2020,0.21,0.16,0.63
 Lommel ,72020,nee,Voldoende openbaar vervoer in de gemeente/buurt,2017,0.39,0.17,0.44
 Lommel ,72020,nee,Voldoende openbaar vervoer in de gemeente/buurt,2020,0.28,0.16,0.56
 Londerzeel ,23045,nee,Voldoende openbaar vervoer in de gemeente/buurt,2017,0.16,0.13,0.71
 Londerzeel ,23045,nee,Voldoende openbaar vervoer in de gemeente/buurt,2020,0.16,0.07,0.77
 Lo-Reninge ,32030,nee,Voldoende openbaar vervoer in de gemeente/buurt,2017,0.64,0.15,0.21
 Lo-Reninge ,32030,nee,Voldoende openbaar vervoer in de gemeente/buurt,2020,0.6,0.17,0.23
 Lovendegem ,44036,nee,Voldoende openbaar vervoer in de gemeente/buurt,2017,0.47,0.14,0.38
 Lubbeek ,24066,nee,Voldoende openbaar vervoer in de gemeente/buurt,2017,0.23,0.08,0.69
 Lubbeek ,24066,nee,Voldoende openbaar vervoer in de gemeente/buurt,2020,0.22,0.08,0.7
 Lummen ,71037,nee,Voldoende openbaar vervoer in de gemeente/buurt,2017,0.3,0.14,0.56
 Lummen ,71037,nee,Voldoende openbaar vervoer in de gemeente/buurt,2020,0.28,0.16,0.56
 Maarkedal ,45064,nee,Voldoende openbaar vervoer in de gemeente/buurt,2017,0.34,0.17,0.49
 Maarkedal ,45064,nee,Voldoende openbaar vervoer in de gemeente/buurt,2020,0.3,0.18,0.52
 Maaseik ,72021,nee,Voldoende openbaar vervoer in de gemeente/buurt,2017,0.55,0.15,0.31
 Maaseik ,72021,nee,Voldoende openbaar vervoer in de gemeente/buurt,2020,0.53,0.14,0.33
 Maasmechelen ,73107,nee,Voldoende openbaar vervoer in de gemeente/buurt,2017,0.26,0.17,0.57
 Maasmechelen ,73107,nee,Voldoende openbaar vervoer in de gemeente/buurt,2020,0.3,0.15,0.55
 Machelen ,23047,nee,Voldoende openbaar vervoer in de gemeente/buurt,2017,0.21,0.18,0.61
 Machelen ,23047,nee,Voldoende openbaar vervoer in de gemeente/buurt,2020,0.2,0.18,0.62
 Maldegem ,43010,nee,Voldoende openbaar vervoer in de gemeente/buurt,2017,0.3,0.2,0.5
 Maldegem ,43010,nee,Voldoende openbaar vervoer in de gemeente/buurt,2020,0.28,0.18,0.54
 Malle ,11057,nee,Voldoende openbaar vervoer in de gemeente/buurt,2017,0.13,0.08,0.8
 Malle ,11057,nee,Voldoende openbaar vervoer in de gemeente/buurt,2020,0.07,0.08,0.85
 Mechelen ,12025,ja,Voldoende openbaar vervoer in de gemeente/buurt,2011,0.11,0.08,0.8
 Mechelen ,12025,ja,Voldoende openbaar vervoer in de gemeente/buurt,2014,0.23,0.13,0.64
 Mechelen ,12025,ja,Voldoende openbaar vervoer in de gemeente/buurt,2017,0.15,0.13,0.72
 Mechelen ,12025,ja,Voldoende openbaar vervoer in de gemeente/buurt,2020,0.24,0.12,0.63
 Meerhout ,13021,nee,Voldoende openbaar vervoer in de gemeente/buurt,2017,0.55,0.17,0.27
 Meerhout ,13021,nee,Voldoende openbaar vervoer in de gemeente/buurt,2020,0.49,0.15,0.36
 Meeuwen-Gruitrode ,72040,nee,Voldoende openbaar vervoer in de gemeente/buurt,2017,0.49,0.17,0.34
 Meise ,23050,nee,Voldoende openbaar vervoer in de gemeente/buurt,2017,0.31,0.15,0.54
 Meise ,23050,nee,Voldoende openbaar vervoer in de gemeente/buurt,2020,0.32,0.17,0.51
 Melle ,44040,nee,Voldoende openbaar vervoer in de gemeente/buurt,2017,0.17,0.08,0.75
 Melle ,44040,nee,Voldoende openbaar vervoer in de gemeente/buurt,2020,0.12,0.1,0.78
 Menen ,34027,nee,Voldoende openbaar vervoer in de gemeente/buurt,2017,0.23,0.13,0.63
 Menen ,34027,nee,Voldoende openbaar vervoer in de gemeente/buurt,2020,0.15,0.14,0.71
 Merchtem ,23052,nee,Voldoende openbaar vervoer in de gemeente/buurt,2017,0.27,0.15,0.57
 Merchtem ,23052,nee,Voldoende openbaar vervoer in de gemeente/buurt,2020,0.2,0.15,0.65
 Merelbeke ,44043,nee,Voldoende openbaar vervoer in de gemeente/buurt,2017,0.28,0.12,0.6
 Merelbeke ,44043,nee,Voldoende openbaar vervoer in de gemeente/buurt,2020,0.22,0.08,0.7
 Merksplas ,13023,nee,Voldoende openbaar vervoer in de gemeente/buurt,2017,0.27,0.12,0.6
 Merksplas ,13023,nee,Voldoende openbaar vervoer in de gemeente/buurt,2020,0.26,0.15,0.59
 Mesen ,33016,nee,Voldoende openbaar vervoer in de gemeente/buurt,2017,0.5,0.12,0.38
 Mesen ,33016,nee,Voldoende openbaar vervoer in de gemeente/buurt,2020,0.48,0.19,0.32
 Meulebeke ,37007,nee,Voldoende openbaar vervoer in de gemeente/buurt,2017,0.34,0.17,0.49
 Meulebeke ,37007,nee,Voldoende openbaar vervoer in de gemeente/buurt,2020,0.28,0.16,0.55
 Middelkerke ,35011,nee,Voldoende openbaar vervoer in de gemeente/buurt,2017,0.23,0.09,0.69
 Middelkerke ,35011,nee,Voldoende openbaar vervoer in de gemeente/buurt,2020,0.18,0.09,0.73
 Moerbeke ,44045,nee,Voldoende openbaar vervoer in de gemeente/buurt,2017,0.4,0.13,0.47
 Moerbeke ,44045,nee,Voldoende openbaar vervoer in de gemeente/buurt,2020,0.35,0.15,0.5
 Mol ,13025,nee,Voldoende openbaar vervoer in de gemeente/buurt,2017,0.23,0.17,0.61
 Mol ,13025,nee,Voldoende openbaar vervoer in de gemeente/buurt,2020,0.15,0.15,0.7
 Moorslede ,36012,nee,Voldoende openbaar vervoer in de gemeente/buurt,2017,0.22,0.14,0.64
 Moorslede ,36012,nee,Voldoende openbaar vervoer in de gemeente/buurt,2020,0.19,0.17,0.64
 Mortsel ,11029,nee,Voldoende openbaar vervoer in de gemeente/buurt,2017,0.04,0.05,0.92
 Mortsel ,11029,nee,Voldoende openbaar vervoer in de gemeente/buurt,2020,0.05,0.03,0.93
 Nazareth ,44048,nee,Voldoende openbaar vervoer in de gemeente/buurt,2017,0.28,0.15,0.57
 Nazareth ,44048,nee,Voldoende openbaar vervoer in de gemeente/buurt,2020,0.16,0.09,0.75
 Neerpelt ,72025,nee,Voldoende openbaar vervoer in de gemeente/buurt,2017,0.35,0.17,0.48
 Nevele ,44049,nee,Voldoende openbaar vervoer in de gemeente/buurt,2017,0.37,0.15,0.48
 Niel ,11030,nee,Voldoende openbaar vervoer in de gemeente/buurt,2017,0.13,0.07,0.8
 Niel ,11030,nee,Voldoende openbaar vervoer in de gemeente/buurt,2020,0.05,0.11,0.83
 Nieuwerkerken ,71045,nee,Voldoende openbaar vervoer in de gemeente/buurt,2017,0.3,0.16,0.53
 Nieuwerkerken ,71045,nee,Voldoende openbaar vervoer in de gemeente/buurt,2020,0.26,0.16,0.58
 Nieuwpoort ,38016,nee,Voldoende openbaar vervoer in de gemeente/buurt,2017,0.13,0.08,0.79
 Nieuwpoort ,38016,nee,Voldoende openbaar vervoer in de gemeente/buurt,2020,0.06,0.08,0.87
 Nijlen ,12026,nee,Voldoende openbaar vervoer in de gemeente/buurt,2017,0.28,0.11,0.61
 Nijlen ,12026,nee,Voldoende openbaar vervoer in de gemeente/buurt,2020,0.19,0.11,0.7
 Ninove ,41048,nee,Voldoende openbaar vervoer in de gemeente/buurt,2017,0.26,0.15,0.59
 Ninove ,41048,nee,Voldoende openbaar vervoer in de gemeente/buurt,2020,0.2,0.17,0.63
 Olen ,13029,nee,Voldoende openbaar vervoer in de gemeente/buurt,2017,0.26,0.18,0.56
 Olen ,13029,nee,Voldoende openbaar vervoer in de gemeente/buurt,2020,0.16,0.14,0.7
 Oostende ,35013,ja,Voldoende openbaar vervoer in de gemeente/buurt,2011,0.06,0.06,0.87
 Oostende ,35013,ja,Voldoende openbaar vervoer in de gemeente/buurt,2014,0.06,0.07,0.87
 Oostende ,35013,ja,Voldoende openbaar vervoer in de gemeente/buurt,2017,0.08,0.07,0.85
 Oostende ,35013,ja,Voldoende openbaar vervoer in de gemeente/buurt,2020,0.08,0.08,0.84
 Oosterzele ,44052,nee,Voldoende openbaar vervoer in de gemeente/buurt,2017,0.3,0.14,0.56
 Oosterzele ,44052,nee,Voldoende openbaar vervoer in de gemeente/buurt,2020,0.25,0.09,0.66
 Oostkamp ,31022,nee,Voldoende openbaar vervoer in de gemeente/buurt,2017,0.32,0.11,0.57
 Oostkamp ,31022,nee,Voldoende openbaar vervoer in de gemeente/buurt,2020,0.23,0.16,0.62
 Oostrozebeke ,37010,nee,Voldoende openbaar vervoer in de gemeente/buurt,2017,0.52,0.16,0.32
 Oostrozebeke ,37010,nee,Voldoende openbaar vervoer in de gemeente/buurt,2020,0.45,0.22,0.33
 Opglabbeek ,71047,nee,Voldoende openbaar vervoer in de gemeente/buurt,2017,0.23,0.15,0.61
 Opwijk ,23060,nee,Voldoende openbaar vervoer in de gemeente/buurt,2017,0.22,0.16,0.62
 Opwijk ,23060,nee,Voldoende openbaar vervoer in de gemeente/buurt,2020,0.17,0.13,0.7
 Oudenaarde ,45035,nee,Voldoende openbaar vervoer in de gemeente/buurt,2017,0.19,0.13,0.68
 Oudenaarde ,45035,nee,Voldoende openbaar vervoer in de gemeente/buurt,2020,0.15,0.11,0.74
 Oudenburg ,35014,nee,Voldoende openbaar vervoer in de gemeente/buurt,2017,0.28,0.15,0.57
 Oudenburg ,35014,nee,Voldoende openbaar vervoer in de gemeente/buurt,2020,0.22,0.16,0.62
 Oud-Heverlee ,24086,nee,Voldoende openbaar vervoer in de gemeente/buurt,2017,0.44,0.13,0.43
 Oud-Heverlee ,24086,nee,Voldoende openbaar vervoer in de gemeente/buurt,2020,0.36,0.13,0.51
 Oudsbergen ,72042,nee,Voldoende openbaar vervoer in de gemeente/buurt,2020,0.37,0.18,0.45
 Oud-Turnhout ,13031,nee,Voldoende openbaar vervoer in de gemeente/buurt,2017,0.3,0.15,0.55
 Oud-Turnhout ,13031,nee,Voldoende openbaar vervoer in de gemeente/buurt,2020,0.1,0.15,0.75
 Overijse ,23062,nee,Voldoende openbaar vervoer in de gemeente/buurt,2017,0.33,0.14,0.53
 Overijse ,23062,nee,Voldoende openbaar vervoer in de gemeente/buurt,2020,0.29,0.15,0.57
 Overpelt ,72029,nee,Voldoende openbaar vervoer in de gemeente/buurt,2017,0.29,0.12,0.58
 Peer ,72030,nee,Voldoende openbaar vervoer in de gemeente/buurt,2017,0.42,0.16,0.42
 Peer ,72030,nee,Voldoende openbaar vervoer in de gemeente/buurt,2020,0.34,0.14,0.52
 Pelt ,72043,nee,Voldoende openbaar vervoer in de gemeente/buurt,2020,0.2,0.16,0.64
